0
0
0
0
0
0
0
0
0
0
0
0
0
0.009216786
0
0
0
0.003072262
0.003072262
0.006144524
0.021505834
0.003072262
0.009216786
0.021505834
0.027650358
0.03072262
0.027650358
0.082951074
0.113673694
0.162829886
0.310298462
0.497706444
0.927823124
1.2289048
1.815706842
2.617567224
4.033880006
5.204411828
6.68216985
9.394977196
12.384288122
14.156983296
16.049496688
185.819622546
378.68701412
390.994495692
391.003712478
389.234089566
385.743999934
383.29540712
379.820678798
378.819121386
377.086365618
373.928080282
376.573297864
370.186065166
369.927995158
368.450237136
366.379532548
366.742059464
363.823410564
362.883298392
363.958590092
363.036911492
363.282692452
365.325746682
365.258156918
368.02626498
372.395021544
375.571740452
374.382775058
379.495019026
387.568923562
396.426254908
410.389685698
425.824729986
433.883273212
442.7129542
441.994044892
438.08919989
434.288811796
445.705337388
453.874482046
465.687329436
481.958028988
496.575851584
508.803454344
528.948276278
539.185053262
544.386392828
552.663066656
565.247051808
583.419481538
604.40610326
608.648897082
609.223410076
616.81804174
628.366674598
643.267145298
658.696045062
669.550346708
680.186517752
689.040776836
708.174824572
719.766469098
734.682301108
748.716393924
759.748886766
770.47722567
779.638710954
789.820187222
803.593137768
813.986600114
825.129694388
835.54773483
845.093252864
852.47589845
858.967588056
863.502246768
871.665246902
879.060181536
889.134128634
899.797950036
905.389466876
911.758266002
921.558781782
926.873795042
938.281103848
943.144494594
957.05569693
957.14786479
950.83436638
953.550245988
956.816060494
957.965086482
959.442844504
962.530467814
964.518221328
967.581266542
968.02367227
973.473865058
971.547556784
974.266508654
977.695153046
983.09311738
978.862612606
974.15283496
971.553701308
972.650498842
974.515361876
974.12211234
971.808699054
973.15434981
973.897837214
975.080658084
972.244960258
961.058854316
955.473482
950.48105625
947.390360678
942.035408012
939.78958449
938.665136598
938.25345349
934.262585152
927.156443146
922.932082896
923.005817184
914.265231794
911.300498964
905.106818772
906.360301668
901.12516722
899.638192412
892.21560742
891.241700366
887.825345022
888.00660848
882.3536464
878.479524018
879.00488082
874.467149846
874.645341042
872.510118952
884.45814587
940.09681069
982.380352596
938.170502416
867.963171192
842.481830164
830.727355752
826.880883728
825.123549864
819.144928012
813.215462352
813.470460098
806.33052321
804.468732438
799.752810268
795.553028114
793.107507562
787.012139754
784.234814906
778.056496024
771.454204986
770.176143994
766.916474012
760.802672632
773.727678866
790.910840232
781.420622914
748.43374582
734.737601824
731.330463266
724.064563636
722.924754434
718.546781084
715.090486334
713.575861168
704.982744354
704.85370935
702.607885828
698.395814626
695.363492032
692.850381716
685.996165194
682.177343528
680.18344549
673.015858244
669.670164926
664.2230444
659.912660814
658.594660416
656.11227272
653.328803348
657.26437097
679.550559518
818.610354424
1116.865549384
1181.081969708
939.408624002
834.112988476
834.776597068
724.046130064
611.816399204
575.118229614
566.87842293
562.39292041
558.377473976
555.305211976
550.792059098
548.297382354
546.152943478
544.43554902
541.344853448
538.220362994
537.762595956
536.07899638
537.771812742
535.698035892
525.46433117
513.46714806
508.692852912
507.371780252
502.210380092
500.938463624
495.927604302
494.176414962
501.65430067
525.627161056
546.220533242
532.800892826
500.250276936
484.935050866
484.335959776
483.570966538
484.277586798
493.531239942
487.84448298
470.57837054
456.535060938
452.46738605
451.118663032
448.05869008
447.035626834
442.57470241
441.671457382
440.897247358
436.067651494
435.818798272
431.155104556
425.625032956
433.20430331
492.474381814
715.794034332
943.436359484
807.276779906
529.108033902
427.837061596
429.02602699
443.290539456
423.161078832
398.22660044
389.019031226
385.654904336
381.949756364
379.83911237
378.066417196
372.339720828
371.95876034
370.877324116
369.328904068
368.081565696
366.296581474
367.19675424
364.367200938
360.443922364
359.264173756
355.943058534
353.731029894
355.079752912
353.442237266
353.193384044
354.517528966
352.330078422
349.42371857
354.004461212
373.611637296
386.484415076
369.663780626
347.113377546
340.747650682
340.686205442
339.835188868
336.169980302
332.025498864
346.621815626
410.887392142
478.203724824
443.828185306
362.769624698
328.596854472
317.447615674
312.025073244
311.859171096
309.610275312
308.602573376
308.006554548
312.359949802
347.930599238
569.04436764
1113.43383273
1332.443101662
859.539028788
417.471249608
294.715949136
274.051914924
270.14399766
268.617083446
266.970351014
266.770653984
264.985669762
264.50639689
263.148457086
260.355770928
261.627687396
259.732101742
259.470959472
258.411029082
258.540064086
257.320376072
254.985456952
254.447811102
253.142099752
252.029940908
252.008435074
250.272607044
249.885502032
248.036000308
247.73184637
246.681132766
246.490652522
245.94993441
244.625789488
245.252530936
246.244871562
249.277194156
253.019209272
255.778100548
254.232752762
246.02674096
239.75932648
238.303074292
236.969712584
237.11718116
238.244701314
235.236956816
233.012639128
232.180056126
232.607100544
234.011124278
237.50121391
236.604113406
234.173954164
233.839077606
236.800738174
233.27685366
231.60247087
238.59186692
248.91466724
244.72102961
228.616232206
220.81883125
220.26582409
217.605245198
217.940121756
217.663618176
216.7480841
217.067599348
216.88633589
214.400875932
213.325584232
212.858600408
211.700357634
211.362408814
210.935364396
209.055140052
209.617363998
208.244062884
204.39759086
201.86297471
202.028876858
200.32684371
199.939738698
198.062586616
197.979635542
197.273015282
194.772194014
196.981150392
197.663192556
195.991882028
193.309797302
191.272887596
190.704519126
191.11005771
190.40343745
189.300495392
187.702919152
186.305039942
187.03931056
187.441776882
186.70136174
188.796644424
192.148482266
193.349736708
189.961031722
185.460167892
181.245024428
180.529187382
180.307984518
184.85800454
200.18859192
230.078628918
240.164865064
209.012128384
182.099113264
176.443078922
173.294010372
173.235637394
175.168090192
175.552122942
172.756364522
172.151128908
172.98371191
172.209501886
171.336979478
170.366144686
169.4352493
170.897646012
172.75329226
176.30175487
173.16804763
166.412143492
164.617942484
163.422832566
165.355285364
169.32772013
171.72408449
169.478260968
162.70699552
160.568701168
160.132439964
158.494924318
157.305958924
157.708425246
158.034085018
155.772900186
156.292112464
156.156932936
155.818984116
155.075496712
154.74983694
155.385795174
156.826686052
157.355115116
155.720671732
155.56398637
164.42746224
194.769121752
264.515613676
349.10113106
351.460628276
268.340579866
195.893569644
165.788474306
153.373463564
148.488566984
144.445470192
146.460874064
146.798822884
145.30263129
144.25806221
143.603670404
144.924743064
143.59752588
143.748066718
143.1674092
141.787963562
141.73880737
141.551399388
140.979958656
141.520676768
142.470005726
144.254989948
145.127512356
141.901637256
141.73880737
140.359361732
138.906181806
138.270223572
136.522106494
137.327039138
138.122754996
138.537510366
139.00449419
137.92920249
138.734135134
137.231799016
136.605057568
136.749453882
136.644996974
135.336213362
133.790865576
132.263951362
134.346944998
132.866114714
132.297746244
132.49129875
131.17022609
130.792337864
133.096534364
136.936861864
141.625133676
139.582079446
133.85845534
131.526608482
130.420594162
128.546514342
128.054952422
130.036561412
131.336128238
133.142618294
132.515876846
131.422151574
128.561875652
128.027302064
127.465078118
126.011898192
128.878318638
135.173383476
151.0016773
235.544183016
439.785088514
544.5584395
377.18160574
191.426500696
130.14101832
120.47875433
117.83660901
118.171485568
118.063956398
118.192991402
117.016315056
118.48178403
116.435657538
117.984077586
116.26975539
116.644571354
116.564692542
116.211382412
115.802771566
115.689097872
114.791997368
114.76434701
116.83812386
119.861229668
159.08172636
392.97303242
1014.387178112
1417.428013106
975.91938561
368.50246559
143.754211242
104.324800734
100.684170264
101.286333616
100.613508238
99.289363316
98.214071616
97.833111128
98.217143878
97.077334676
96.662579306
96.343064058
97.323115636
96.364569892
94.991268778
95.90065833
97.37534409
95.909875116
96.121861194
95.780840112
96.877637646
96.048126906
95.90065833
93.925193864
94.066517916
94.060373392
94.591874718
93.989711366
93.756219454
95.233977476
93.083394076
93.667123856
92.220088454
92.948214548
92.554965012
93.25851301
94.561152098
94.720909722
94.352238282
93.36604218
92.250811074
91.759249154
90.895943532
91.06184568
91.006544964
91.316843426
92.12177607
99.516710704
121.535612458
144.316435188
136.350059822
116.073130622
121.213024948
133.191774486
121.345132214
100.456822876
90.50883852
87.777597602
88.530301792
87.673140694
89.021863712
89.436619082
88.428917146
88.72692656
88.693131678
87.792958912
87.203084608
86.951159124
86.717667212
88.090968326
88.152413566
90.167817438
87.249168538
86.708450426
86.348995772
87.408926162
87.246096276
86.28447827
86.364357082
85.968035284
85.921951354
85.8697229
85.934240402
85.565568962
86.57634316
87.915849392
87.725369148
87.556394738
87.617839978
93.068032766
99.175689622
99.209484504
94.392177688
87.60555093
87.485732712
87.571756048
87.246096276
85.20918657
85.60858063
84.815937034
83.74986212
83.295167344
82.32126029
81.76825313
81.67608527
83.402696514
85.97725207
91.958946184
92.149426428
86.797546024
83.59624902
82.468728866
86.133937432
107.54453131
155.259832432
177.36168526
139.9415341
95.522770104
82.186080762
78.889543636
78.468643742
80.321217728
79.350382936
77.49780895
78.41948755
77.768168006
78.88032685
78.858821016
79.829655808
80.778984766
81.811264798
81.393437166
79.60230842
76.674442734
78.007804442
77.055403222
76.726671188
75.279635786
76.785044166
77.316545492
79.808149974
83.153843292
86.60706578
89.912819692
83.31974544
77.58997681
74.82494101
75.433248886
74.8095797
76.89871786
80.889586198
84.477988214
84.050943796
90.49347721
120.208395274
181.853332304
212.219569912
163.392109946
104.573653956
92.96664812
92.877552522
83.436491396
73.599108472
71.556054242
70.818711362
70.674315048
70.628231118
70.711182192
71.500753526
75.510055436
77.110703938
79.015506378
94.90217318
112.733581828
107.277244516
85.473401102
73.860250742
68.852463682
68.904692136
69.11053369
74.483919928
93.845315052
121.136218398
119.145392622
92.06033083
72.929355356
67.921568296
67.841689484
66.830915286
66.956878028
66.244113244
67.80482234
78.616112318
96.585772756
100.57049657
84.914249418
70.066007172
66.241040982
66.250257768
64.873884392
65.488336792
65.998332284
65.60815501
65.233339046
65.165749282
64.664970576
65.641949892
65.952248354
69.24878548
68.084398182
66.910794098
65.688033822
66.963022552
67.740304838
67.853978532
66.794048142
66.06899431
68.809452014
73.540735494
73.860250742
71.073709108
69.49456644
75.783486754
85.411955862
81.780542178
77.05233096
83.974137246
88.072534754
82.662281372
71.777257106
65.506770364
62.806252066
62.262461692
62.179510618
62.170293832
62.686433848
62.618844084
61.46060131
62.78167397
62.594265988
62.47444777
61.623431196
61.672587388
61.282410114
61.626503458
63.835459836
73.970852174
101.611993388
120.159239082
104.678110864
75.47011603
63.528233636
61.279337852
61.393011546
60.23169651
60.649524142
60.465188422
60.689463548
60.833859862
61.396083808
61.52204655
62.240955858
61.9060793
61.749393938
61.423734166
60.701752596
61.116507966
60.674102238
61.319277258
59.896819952
61.601925362
60.628018308
60.474405208
60.394526396
59.672544826
59.933687096
60.55428402
60.483621994
59.64796673
61.10729118
63.51901685
64.735632602
61.869212156
60.879943792
60.320792108
61.021267844
59.936759358
59.47899232
59.727845542
60.652596404
63.552811732
68.013736156
69.854021094
64.483707118
60.3699483
62.317762408
84.80979251
181.122133948
349.79239001
389.51673767
242.687192166
107.36019559
64.320877232
57.442082614
55.460473624
55.466618148
54.812226342
55.211620402
54.79379277
54.907466464
54.76307015
54.70162491
54.744636578
55.841434112
55.011923372
54.74770884
54.627890622
54.90132194
56.46817556
63.141128624
90.665523882
132.528165894
136.217952556
94.36452733
63.82624305
54.351387042
53.752295952
52.557186034
52.938146522
52.511102104
52.526463414
54.16397906
53.97964334
53.56488797
55.319149572
56.692450686
59.383752198
60.594223426
60.24705782
58.889118016
55.417461956
52.6892933
52.194659118
52.882845806
53.085615098
54.228496562
54.360603828
54.274580492
52.323694122
54.326808946
65.881586328
97.845400176
125.766117232
114.177544968
99.977550004
153.653039406
245.000605452
239.323065276
139.674247306
71.362501736
52.698510086
49.899679404
49.982630478
50.5387099
50.228411438
49.911968452
49.177697834
49.06402414
49.288299266
49.395828436
50.044075718
49.40197296
48.790592822
48.885832944
49.752210828
50.652383594
51.177740396
50.458831088
49.236070812
49.143902952
48.91041104
48.415776858
47.838191602
47.807468982
48.35740388
49.159264262
51.38358195
59.608027324
70.40088373
69.97076705
59.55579887
50.544854424
47.828974816
47.739879218
48.145417802
47.288256704
47.40500266
47.383496826
47.011753124
47.334340634
47.626205524
47.423436232
48.182284946
47.521748616
47.484881472
46.873501334
47.816685768
47.838191602
47.709156598
47.675361716
46.968741456
46.649226208
47.25138956
47.377352302
46.446456916
46.92880205
46.535552514
46.40651751
47.06705384
49.174625572
50.575577044
50.397385848
48.824387704
46.818200618
46.025557022
46.827417404
46.82127288
47.491025996
46.59085323
47.226811464
46.019412498
46.148447502
46.17609786
46.246759886
46.501757632
46.338927746
45.810498682
46.093146786
49.961124644
54.366748352
54.200846204
49.80136702
46.833561928
45.23905795
46.20682048
45.810498682
46.016340236
45.45411629
45.718330822
45.847365826
46.372722628
46.203748218
46.722960496
46.947235622
46.925729788
47.337412896
49.097819022
52.114780306
52.191586856
49.091674498
46.600070016
45.73061987
45.733692132
46.111580358
46.999464076
50.120882268
52.741521754
50.956537532
47.306690276
44.830447104
45.082372588
45.248274736
45.251346998
45.211407592
45.43875498
45.475622124
44.618461026
44.90110913
44.96255437
45.033216396
46.338927746
47.214522416
47.377352302
47.171510748
47.656928144
45.663030106
44.910325916
44.987132466
45.260563784
45.186829496
47.426508494
48.978000804
49.076313188
47.03633122
46.151519764
45.973328568
45.401887836
47.856625174
49.196131406
47.63542231
46.302060602
45.143817828
45.22369664
45.318936762
49.78600571
77.092270366
186.338834824
382.164814704
456.114161044
301.103181834
125.815273424
59.353029578
45.229841164
42.891849782
43.340400034
42.62763525
43.893407194
44.36346328
44.351174232
45.242130212
47.521748616
51.50647243
49.500285344
46.059351904
43.30353289
43.497085396
43.27281027
44.04087577
43.88726267
43.291243842
43.773588976
43.586180994
43.788950286
43.432567894
43.444856942
43.761299928
44.188344346
43.985575054
44.034731246
45.481766648
49.487996296
63.11962279
84.67154072
88.26608726
70.27799325
52.882845806
45.113095208
43.555458374
43.659915282
43.24208765
44.391113638
44.160693988
44.443342092
44.037803508
44.01015315
44.136115892
43.893407194
43.604614566
44.514004118
45.573934508
46.342000008
47.448014328
47.057837054
45.635379748
44.790507698
44.34810197
44.197561132
43.936418862
43.623048138
45.604657128
45.632307486
44.76285734
44.541654476
44.28665673
44.514004118
43.475579562
43.635337186
43.429495632
44.111537796
43.921057552
44.689123052
44.384969114
44.621533288
44.541654476
44.136115892
44.357318756
44.431053044
44.000936364
44.27129542
44.412619472
44.572377096
44.971771156
45.189901758
48.237585662
51.868999346
56.895219978
55.005778848
49.242215336
45.245202474
45.048577706
45.11616747
44.51707638
44.799724484
44.812013532
46.028629284
46.169953336
46.486396322
46.82127288
46.212965004
45.875016184
46.043990594
44.815085794
45.020927348
45.149962352
46.332783222
46.133086192
45.447971766
45.567789984
45.801281896
45.871943922
44.959482108
46.326638698
48.139273278
62.483664556
111.802686442
186.876480674
199.74311393
132.236301004
69.998417408
47.675361716
42.655285608
41.36800783
41.98246023
43.976358268
45.80742642
44.252861848
41.13758818
40.741266382
39.81651552
41.420236284
43.555458374
43.982502792
42.968656332
39.67826373
37.622920452
36.409376962
35.923959566
36.695097328
36.00691064
36.178957312
35.288001332
35.463120266
35.13131597
35.165110852
35.011497752
35.201977996
35.180472162
35.14667728
35.149749542
35.435469908
34.787222626
34.498429998
35.542999078
34.943907988
34.799511674
34.830234294
40.040790646
54.403615496
71.549909718
70.136669198
52.446584602
38.808813584
34.83945108
34.50150226
34.292588444
33.862471764
34.258793562
32.30483493
32.578266248
32.372424694
31.684238006
32.037548136
31.942308014
31.773333604
31.570564312
31.481468714
31.708816102
30.532139756
31.165025728
31.684238006
32.5659772
33.155851504
33.407776988
31.84399563
30.67653607
30.452260944
30.470694516
30.105095338
30.175757364
30.274069748
30.025216526
29.46299258
30.059011408
30.396960228
31.785622652
31.392373116
30.30786463
28.84854018
29.419980912
29.512148772
28.553603028
28.378484094
28.522880408
28.320111116
28.409206714
28.068185632
28.28017171
28.283243972
28.40306219
29.091248878
29.312451742
29.711845802
29.10968245
28.851612442
28.283243972
27.693369668
27.263252988
26.802413688
27.20488001
26.977532622
26.356935698
26.332357602
26.338502126
25.459835194
26.69795678
26.009770092
25.988264258
25.74555556
25.6533877
25.810073062
25.28471626
24.464422306
24.937550654
25.17718709
25.266282688
25.20790971
25.263210426
24.96212875
24.151051582
24.974417798
25.08501923
24.60881862
24.369182184
23.988221696
24.080389556
24.289303372
23.877620264
23.401419654
24.19406325
24.02508884
24.08653408
24.673336122
29.55516044
47.924214938
94.57958567
131.83076242
111.563050006
62.483664556
32.584410772
24.575023738
24.955984226
30.498344874
40.839578766
44.25593411
36.919372454
28.23408778
23.300035008
22.445946172
22.977447498
22.876062852
22.799256302
22.805400826
22.777750468
22.424440338
22.178659378
22.190948426
24.814660174
32.479953864
48.415776858
58.981285876
49.365105816
33.512233896
26.240189742
31.877790512
54.403615496
82.069334806
82.530174106
54.47120526
31.088219178
23.837680858
21.419810664
21.570351502
21.192463276
21.44438876
21.462822332
21.069572796
21.386015782
21.496617214
21.0449947
20.86065898
21.026561128
20.842225408
21.98203461
22.141792234
22.264682714
21.3522209
21.364509948
21.134090298
20.796141478
21.146379346
21.303064708
21.0449947
21.742398174
21.62872448
21.462822332
20.667106474
21.118728988
21.134090298
20.805358264
20.203194912
20.571866352
20.495059802
20.750057548
20.750057548
20.820719574
20.240062056
20.75312981
20.96818815
20.802286002
21.066500534
20.87602029
20.740840762
21.47511138
22.326127954
30.639668926
83.645405212
315.456789898
895.168051202
1466.934442974
1330.12047159
663.246065084
193.902743868
45.71525856
19.382900958
15.840582872
15.49956179
15.736125964
15.204624638
15.447333336
15.370526786
15.490345004
15.19233559
15.226130472
15.57636834
15.312153808
16.077147046
16.72846659
16.37515646
16.080219308
15.981906924
15.444261074
15.137034874
15.739198226
15.232274996
15.631669056
15.33058738
15.339804166
15.201552376
15.287575712
15.751487274
15.471911432
17.401291968
21.407521616
25.813145324
25.275499474
20.224700746
17.183161366
17.186233628
19.865246092
21.22933042
19.665549062
17.31219637
16.279916338
16.633226468
21.36758221
38.784235488
64.535935572
71.592921386
51.786048272
29.582810798
21.441316498
19.09410833
16.965030764
15.788354418
15.431972026
15.152396184
14.789869268
14.550232832
15.16161297
14.86974808
14.863603556
14.875892604
14.722279504
15.032577966
14.759146648
15.748415012
15.447333336
15.358237738
15.465766908
14.774507958
15.14625166
14.68541236
14.734568552
15.548717982
18.086406394
22.84226797
26.108082476
23.539671444
19.349106076
17.94201008
20.823791836
22.13564771
19.161698094
15.419682978
13.723794354
13.61012066
13.536386372
13.573253516
12.752959562
12.660791702
12.799043492
12.820549326
12.891211352
13.726866616
14.399691994
14.498004378
13.96343079
12.848199684
12.94958433
12.36585455
12.021761206
12.169229782
12.368926812
12.187663354
12.184591092
12.144651686
12.491817292
11.852786796
12.56555158
12.375071336
12.47338372
12.537901222
12.562479318
12.092423232
12.660791702
12.62699682
13.94806948
17.674723286
20.977404936
24.60881862
30.36930987
31.3370724
25.210981972
21.026561128
29.373896982
43.70292695
48.007166012
34.673548932
22.362995098
20.190905864
22.700943918
23.352263462
21.70553103
18.836038322
15.508778576
15.481128218
18.522667598
20.043437288
17.247678868
13.570181254
11.453392736
11.115443916
11.653089766
11.696101434
12.107784542
12.178446568
11.785197032
11.219900824
10.823579026
11.299779636
10.765206048
10.743700214
10.78363962
10.98333665
11.032492842
11.62851167
14.694629146
21.754687222
27.816260148
26.108082476
18.455077834
14.074032222
13.250666006
12.768320872
11.825136438
11.696101434
15.290647974
22.759316896
28.8792628
24.34767635
16.65166004
11.59778905
10.202982102
10.580870328
11.9818218
13.908130074
15.195407852
12.878922304
10.587014852
9.735998278
9.315098384
9.213713738
9.24750862
8.934137896
9.229075048
9.333531956
9.235219572
9.072389686
8.921848848
9.07853421
8.949499206
8.77130801
8.746729914
9.481000532
9.806660304
10.371956512
12.860488732
19.379828696
31.097435964
36.701241852
27.171085128
16.08329157
11.057070938
10.651532354
11.026348318
9.997140548
9.20142469
8.40263657
8.350408116
8.605405862
8.328902282
8.123060728
8.623839434
8.212156326
8.752874438
9.229075048
9.158413022
9.112329092
8.992510874
9.348893266
11.207611776
13.693071734
14.48571533
12.203024664
10.298222224
9.13997945
8.47944312
8.596189076
9.53937351
11.22911761
13.631626494
13.61012066
11.932665608
10.037079954
8.838897774
8.245951208
8.086193584
7.858846196
8.184505968
8.562394194
8.23366216
8.620767172
7.963303104
7.904930126
7.821979052
8.086193584
8.20293954
7.499391542
7.64993238
7.735955716
7.66529369
7.997097986
7.852701672
7.686799524
7.981736676
7.75746155
7.656076904
7.794328694
7.77282286
7.923363698
8.01860382
7.951014056
8.230589898
8.719079556
12.925006234
26.906870596
58.059607276
81.559339314
68.225722234
36.627507564
14.928121058
8.961788254
7.625354284
7.14300915
7.94179727
7.74210024
7.889568816
7.702160834
7.662221428
7.3734288
7.179876294
7.12764784
7.628426546
7.43487404
7.041624504
7.401079158
7.15837046
7.376501062
7.459452136
7.591559402
7.093852958
7.275116416
7.25053832
7.345778442
7.484030232
7.57312583
7.932580484
8.491732168
13.54867542
39.312664552
129.409819964
296.33503121
405.725991982
318.60893071
146.94629146
44.111537796
12.295192524
6.998612836
6.31349841
6.119945904
5.978621852
6.095367808
6.104584594
5.855731372
6.184463406
6.276631266
6.162957572
6.162957572
5.972477328
6.531629012
6.353437816
6.31349841
6.319642934
6.02163352
6.264342218
6.2981371
6.288920314
6.288920314
6.22133055
5.88338173
6.080006498
6.009344472
6.402594008
6.086151022
6.227475074
6.089223284
6.454822462
6.144524
6.310426148
6.073861974
6.169102096
6.132234952
6.507050916
7.032407718
7.278188678
6.703675684
6.347293292
6.06771745
6.20596924
6.279703528
6.396449484
6.270486742
6.322715196
6.2981371
6.11380138
6.239764122
6.20596924
6.116873642
6.353437816
6.19060793
6.798915806
6.534701274
6.310426148
6.166029834
6.12916269
6.316570672
6.230547336
6.279703528
6.531629012
6.54391806
6.540845798
6.69753116
6.78969902
7.34270618
9.481000532
12.894283614
14.375113898
12.694586584
8.866548132
7.299694512
6.94331212
7.146081412
10.955686292
23.699429068
44.833519366
58.176353232
45.875016184
23.6564174
10.872735218
6.706747946
6.070789712
6.19060793
6.460966986
6.024705782
5.997055424
6.126090428
6.138379476
6.166029834
6.510123178
6.353437816
6.181391144
6.32885972
6.092295546
6.273559004
6.59000199
6.568496156
6.387232698
6.433316628
7.536258686
8.577755504
11.315140946
11.023276056
9.920333998
7.643787856
6.546990322
6.52855675
6.132234952
6.199824716
6.485545082
6.255125432
6.09844007
6.248980908
6.488617344
6.740542828
7.259755106
7.247466058
7.46559666
8.052398702
8.23366216
7.668365952
6.970962478
7.318128084
8.285890614
9.8312384
10.159970434
9.192207904
8.09541037
7.382645586
6.97403474
6.568496156
6.34422103
6.402594008
6.138379476
6.353437816
6.439461152
6.356510078
6.245908646
6.101512332
6.40566627
6.48247282
6.362654602
6.464039248
6.150668524
6.239764122
6.17524662
6.448677938
6.626869134
6.387232698
6.304281624
6.110729118
6.371871388
6.184463406
6.080006498
6.424099842
6.187535668
6.500906392
6.427172104
6.49783413
6.507050916
6.433316628
6.230547336
7.00475736
7.582342616
8.931065634
9.253653144
9.182991118
7.677582738
6.854216522
6.522412226
6.408738532
6.319642934
6.233619598
6.362654602
6.073861974
6.331931982
6.209041502
6.12916269
6.123018166
6.488617344
7.017046408
6.69753116
6.608435562
6.445605676
6.325787458
6.362654602
6.224402812
6.4517502
6.261269956
6.224402812
6.141451738
6.381088174
6.291992576
6.417955318
6.565423894
6.31349841
6.26741448
6.393377222
6.227475074
6.22133055
6.116873642
6.153740786
6.264342218
6.018561258
5.692901486
6.046211616
5.646817556
5.80657518
5.840370062
5.579227792
5.886453992
5.597661364
5.557721958
5.763563512
5.74512994
5.732840892
5.809647442
5.508565766
5.6836847
5.754346726
5.43790374
5.351880404
5.788141608
5.643745294
5.5300716
5.566938744
5.597661364
5.6836847
5.542360648
5.293507426
5.447120526
5.474770884
5.51471029
5.533143862
5.702118272
5.539288386
5.33037457
5.794286132
6.23669186
6.596146514
6.32885972
6.23669186
5.6836847
5.413325644
5.3764585
5.511638028
5.235134448
5.616094936
5.256640282
5.766635774
5.711335058
5.456337312
5.419470168
5.508565766
5.505493504
5.29965195
5.228989924
5.364169452
5.480915408
5.17676147
5.275073854
5.302724212
5.382603024
5.106099444
5.093810396
5.336519094
5.204411828
5.342663618
5.262784806
5.26892933
5.127605278
5.017003846
5.388747548
5.09995492
5.00778706
5.118388492
5.333446832
5.204411828
5.11531623
5.603805888
6.003199948
6.869577832
6.970962478
6.073861974
5.505493504
5.066160038
5.00778706
5.34573588
4.872607532
5.001642536
5.02314837
4.924835986
5.020076108
5.08459361
4.983208964
5.173689208
4.967847654
5.075376824
4.903330152
5.041581942
4.86953527
4.99242575
4.817306816
4.921763724
4.817306816
4.93098051
4.786584196
4.918691462
5.182905994
4.85417396
4.740500266
4.848029436
5.032365156
5.23820671
4.964775392
5.090738134
5.324230046
5.520854814
5.947899232
5.738985416
5.505493504
5.017003846
4.814234554
4.660621454
4.90025789
4.952486344
5.063087776
5.308868736
7.041624504
11.07550451
19.253865954
29.61660568
34.894751796
31.515263596
20.986621722
12.313626096
8.08004906
7.130720102
7.659149166
7.253610582
6.095367808
5.563866482
5.201339566
5.686756962
7.78818417
14.16312782
25.62266508
33.168140552
27.816260148
16.295277648
8.657634316
5.66832339
5.11531623
4.768150624
5.013931584
4.814234554
5.195195042
5.170616946
4.863390746
5.041581942
4.863390746
4.973992178
4.857246222
4.97706444
4.675982764
5.250495758
4.771222886
5.013931584
4.955558606
4.826523602
4.952486344
4.872607532
4.93098051
4.887968842
5.078449086
5.14603885
5.25356802
5.106099444
5.189050518
5.16140016
5.044654204
5.127605278
4.986281226
5.136822064
5.173689208
5.149111112
5.219773138
4.934052772
4.887968842
4.857246222
5.121460754
4.9156192
5.017003846
5.155255636
4.912546938
5.11531623
5.204411828
5.001642536
5.14603885
5.14603885
5.185978256
5.213628614
4.967847654
5.020076108
4.96170313
5.152183374
5.225917662
5.447120526
4.989353488
5.010859322
5.204411828
5.25356802
5.34573588
5.563866482
5.041581942
4.86953527
4.851101698
5.324230046
5.213628614
5.364169452
5.646817556
5.938682446
5.751274464
5.686756962
5.354952666
5.256640282
5.348808142
5.425614692
6.353437816
10.482557944
25.754772346
62.707939682
108.86560397
119.707616568
82.394994578
36.670519232
13.183076242
6.414883056
5.195195042
4.967847654
4.964775392
5.056943252
4.97706444
4.599176214
4.887968842
5.112243968
5.109171706
4.96170313
4.83881265
4.737428004
5.072304562
4.878752056
4.94634182
4.740500266
4.768150624
4.921763724
4.829595864
4.599176214
4.80809003
4.921763724
4.903330152
4.909474676
4.891041104
4.83881265
4.832668126
5.010859322
4.844957174
5.044654204
4.80809003
5.026220632
4.995498012
5.001642536
4.844957174
4.86953527
5.013931584
5.047726466
4.820379078
4.805017768
5.072304562
4.970919916
5.42254243
5.050798728
5.03850968
5.164472422
4.829595864
5.158327898
5.050798728
5.318085522
5.40718112
5.075376824
5.195195042
5.072304562
5.136822064
5.11531623
5.477843146
5.579227792
5.318085522
5.373386238
5.228989924
5.431759216
5.324230046
5.336519094
5.241278972
5.19212278
5.272001592
5.367241714
5.36109719
5.275073854
5.318085522
5.275073854
5.278146116
5.318085522
5.42254243
5.566938744
5.072304562
5.308868736
5.397964334
5.434831478
5.72976863
6.396449484
8.565466456
11.026348318
12.282903476
11.081649034
7.914146912
6.172174358
5.241278972
5.3764585
5.5300716
5.554649696
5.450192788
5.17676147
5.434831478
5.244351234
5.474770884
5.182905994
5.367241714
5.397964334
5.526999338
5.428686954
5.517782552
5.76049125
5.818864228
5.570011006
5.594589102
5.410253382
5.49934898
5.526999338
5.74512994
5.419470168
5.8372978
5.613022674
5.689829224
5.54543291
5.563866482
5.692901486
5.520854814
5.74512994
5.957116018
6.172174358
5.849586848
5.917176612
5.926393398
5.818864228
5.917176612
5.717479582
5.82193649
5.554649696
5.77585256
5.86802042
5.748202202
5.861875896
5.656034342
5.788141608
6.02163352
5.96018828
5.864948158
5.732840892
6.018561258
5.86802042
5.984766376
5.763563512
5.889526254
5.711335058
5.966332804
6.11380138
5.904887564
6.212113764
6.107656856
6.061572926
5.947899232
6.027778044
6.181391144
5.923321136
5.978621852
6.371871388
6.138379476
6.279703528
6.058500664
6.322715196
5.785069346
6.00627221
6.095367808
6.003199948
6.049283878
6.138379476
6.288920314
5.91410435
6.033922568
5.471698622
5.5300716
5.247423496
5.05387099
4.906402414
5.063087776
4.848029436
4.940197296
4.743572528
4.783511934
4.550020022
4.617609786
4.414840494
4.353395254
4.460924424
4.553092284
4.537730974
4.390262398
4.36261204
4.399479184
4.550020022
4.39333466
4.205926678
4.3011668
4.436346328
4.08610846
4.3011668
4.39333466
4.221287988
3.975507028
4.353395254
3.944784408
4.104542032
3.984723814
4.181348582
3.904845002
4.20899894
4.17827632
3.969362504
4.061530364
3.895628216
4.083036198
3.984723814
4.104542032
3.806532618
3.889483692
3.8403275
3.818821666
3.877194644
3.800388094
3.754304164
3.93249536
4.027735482
3.738942854
3.864905596
3.643702732
3.729726068
3.619124636
3.545390348
3.536173562
3.634485946
3.57918523
3.834182976
4.356467516
6.995540574
13.926563646
26.618077968
37.782678076
35.374024668
21.333787328
10.209126626
4.857246222
3.330332008
3.24123641
3.296537126
3.238164148
3.047683904
3.050756166
3.139851764
2.989310926
3.001599974
3.02617807
3.004672236
2.801902944
2.890998542
2.786541634
2.771180324
2.74967449
2.761963538
2.660578892
2.777324848
2.679012464
2.774252586
2.58070008
2.602205914
2.506965792
2.50389353
2.482387696
2.424014718
2.384075312
2.463954124
2.344135906
2.451665076
2.18130602
2.224317688
2.436303766
2.19666733
2.147511138
2.13522209
2.16594471
2.067632326
1.990825776
2.1505834
1.877152082
2.04305423
1.821851366
1.90480244
1.901730178
1.818779104
1.815706842
1.665166004
1.775767436
1.711249934
1.88944113
1.81263458
1.867935296
1.662093742
1.637515646
1.619082074
1.603720764
1.536131
1.545347786
1.517697428
1.450107664
1.468541236
1.533058738
1.342578494
1.342578494
1.348723018
1.314928136
1.278060992
1.41324052
1.278060992
1.231977062
1.30571135
1.188965394
1.29035004
1.170531822
1.21354349
1.188965394
1.238121586
1.063002652
1.019990984
1.130592416
1.001557412
1.10601432
1.149025988
1.102942058
1.139809202
1.09065301
1.250410634
1.02920777
1.13673694
1.081436224
1.069147176
1.0752917
1.16745956
1.112158844
1.032280032
1.087580748
1.081436224
0.96776253
1.02920777
0.9216786
1.001557412
1.007701936
0.915534076
0.887883718
0.98312384
0.90631729
0.976979316
0.949328958
0.89095598
0.98312384
0.903245028
0.900172766
0.980051578
0.884811456
0.930895386
0.964690268
0.84487205
0.940112172
0.881739194
0.866377884
0.96776253
0.84487205
0.826438478
0.774210024
0.87559467
0.795715858
0.872522408
0.78342681
0.863305622
0.881739194
1.016918722
0.86023336
0.78342681
0.82951074
0.761920976
0.777282286
0.832583002
0.795715858
0.841799788
0.832583002
0.792643596
0.87559467
0.900172766
0.73734288
0.78342681
0.817221692
0.801860382
0.832583002
0.832583002
0.894028242
0.72198157
0.863305622
0.86023336
1.13673694
1.47468576
3.652919518
12.279831214
43.494013134
126.68472357
256.920982012
344.535749728
298.482542348
166.034255266
59.18712743
14.743785338
2.571483294
0.43011668
0.098312384
0.082951074
0.082951074
0.09216786
0.09216786
0.058372978
0.07680655
0.073734288
0.086023336
0.082951074
0.06144524
0.110601432
0.079878812
0.052228454
0.09216786
0.07680655
0.052228454
0.067589764
0.058372978
0.064517502
0.064517502
0.049156192
0.070662026
0.043011668
0.067589764
0.070662026
0.043011668
0.073734288
0.049156192
0.070662026
0.055300716
0.064517502
0.06144524
0.06144524
0.073734288
0.039939406
0.073734288
0.049156192
0.067589764
0.064517502
0.098312384
0.07680655
0.070662026
0.055300716
0.058372978
0.070662026
0.064517502
0.052228454
0.052228454
0.043011668
0.043011668
0.070662026
0.06144524
0.052228454
0.070662026
0.049156192
0.043011668
0.049156192
0.07680655
0.049156192
0.043011668
0.052228454
0.049156192
0.089095598
0.070662026
0.095240122
0.082951074
0.064517502
0.067589764
0.079878812
0.132107266
0.310298462
0.596018828
0.771137762
0.666680854
0.33794882
0.196624768
0.129035004
0.10752917
0.098312384
0.086023336
0.049156192
0.064517502
0.055300716
0.04608393
0.055300716
0.06144524
0.082951074
0.06144524
0.043011668
0.064517502
0.055300716
0.043011668
0.055300716
0.043011668
0.03072262
0.064517502
0.095240122
0.089095598
0.10752917
0.067589764
0.04608393
0.06144524
0.024578096
0.06144524
0.043011668
0.04608393
0.027650358
0.043011668
0.049156192
0.055300716
0.024578096
0.036867144
0.036867144
0.039939406
0.052228454
0.070662026
0.06144524
0.058372978
0.033794882
0.04608393
0.043011668
0.055300716
0.03072262
0.039939406
0.027650358
0.024578096
0.033794882
0.036867144
0.036867144
0.058372978
0.021505834
0.052228454
0.052228454
0.064517502
0.043011668
0.06144524
0.049156192
0.033794882
0.058372978
0.073734288
0.04608393
0.024578096
0.043011668
0.049156192
0.09216786
0.172046672
0.420899894
0.574512994
0.577585256
0.331804296
0.147468576
0.079878812
0.052228454
0.03072262
0.039939406
0.03072262
0.036867144
0.049156192
0.049156192
0.039939406
0.03072262
0.070662026
0.104456908
0.1536131
0.135179528
0.162829886
0.064517502
0.049156192
0.01536131
0.043011668
0.03072262
0.03072262
0.039939406
0.033794882
0.03072262
0.036867144
0.04608393
0.027650358
0.043011668
0.036867144
0.027650358
0.036867144
0.033794882
0.012289048
0.033794882
0.024578096
0.021505834
0.039939406
0.021505834
0.03072262
0.036867144
0.021505834
0.01536131
0.033794882
0.03072262
0.03072262
0.012289048
0.043011668
0.036867144
0.018433572
0.043011668
0.04608393
0.036867144
0.058372978
0.067589764
0.073734288
0.082951074
0.052228454
0.03072262
0.03072262
0.024578096
0.021505834
0.036867144
0.03072262
0.033794882
0.021505834
0.01536131
0.024578096
0.018433572
0.012289048
0.027650358
0.036867144
0.03072262
0.03072262
0.018433572
0.03072262
0.036867144
0.043011668
0.024578096
0.018433572
0.021505834
0.021505834
0.018433572
0.027650358
0.012289048
0.027650358
0.039939406
0.03072262
0.033794882
0.03072262
0.033794882
0.01536131
0.033794882
0.027650358
0.036867144
0.027650358
0.027650358
0.01536131
0.018433572
0.021505834
0.01536131
0.036867144
0.021505834
0.036867144
0.055300716
0.049156192
0.098312384
0.16897441
0.248853222
0.187407982
0.082951074
0.055300716
0.033794882
0.021505834
0.003072262
0.024578096
0.027650358
0.039939406
0.04608393
0.079878812
0.089095598
0.132107266
0.082951074
0.073734288
0.039939406
0.009216786
0.021505834
0.036867144
0.021505834
0.024578096
0.012289048
0.012289048
0.021505834
0.012289048
0.018433572
0
0.01536131
0.012289048
0
0.033794882
0.024578096
0.027650358
0.012289048
0.01536131
0.021505834
0.04608393
0.06144524
0.135179528
0.205841554
0.288792628
0.313370724
0.211986078
0.09216786
0.036867144
0.03072262
0.03072262
0.03072262
0.039939406
0.03072262
0.03072262
0.027650358
0.018433572
0.021505834
0.03072262
0.01536131
0.012289048
0.018433572
0.01536131
0.006144524
0.01536131
0.009216786
0.012289048
0.012289048
0.021505834
0.024578096
0.024578096
0.021505834
0.009216786
0.01536131
0.01536131
0.01536131
0
0.018433572
0.01536131
0.006144524
0.018433572
0.01536131
0.039939406
0
0.018433572
0.009216786
0.006144524
0.021505834
0.01536131
0.01536131
0.009216786
0.018433572
0.018433572
0.006144524
0.01536131
0.01536131
0.021505834
0.033794882
0.052228454
0.132107266
0.165902148
0.313370724
0.279575842
0.175118934
0.086023336
0.036867144
0.01536131
0.012289048
0.003072262
0.003072262
0.009216786
0.006144524
0.009216786
0.006144524
0.018433572
0.006144524
0.009216786
0.01536131
0.012289048
0.049156192
0.064517502
0.095240122
0.175118934
0.193552506
0.119818218
0.073734288
0.024578096
0.012289048
0.006144524
0.01536131
0.009216786
0.009216786
0.012289048
0.006144524
0.006144524
0.012289048
0.01536131
0.003072262
0.006144524
0
0.018433572
0.009216786
0.003072262
0.006144524
0.003072262
0.012289048
0.003072262
0.003072262
0.003072262
0
0.006144524
0.006144524
0.003072262
0.006144524
0.003072262
0.009216786
0.009216786
0.012289048
0.003072262
0.006144524
0.003072262
0
0.003072262
0.006144524
0.009216786
0.009216786
0.006144524
0.003072262
0.012289048
0.012289048
0.006144524
0.012289048
0.006144524
0.067589764
0.12289048
0.313370724
0.417827632
0.405538584
0.190480244
0.10752917
0.043011668
0.01536131
0.009216786
0.012289048
0.009216786
0
0.006144524
0
0.006144524
0.009216786
0.006144524
0.006144524
0.006144524
0.009216786
0.006144524
0
0.006144524
0.009216786
0.006144524
0.012289048
0.012289048
0.021505834
0.04608393
0.086023336
0.089095598
0.095240122
0.052228454
0.036867144
0.018433572
0.009216786
0.018433572
0.012289048
0
0.006144524
0.003072262
0
0.01536131
0.009216786
0.01536131
0.01536131
0
0.01536131
0
0
0.006144524
0.006144524
0.006144524
0.003072262
0.006144524
0.009216786
0.003072262
0.006144524
0.006144524
0.003072262
0
0.009216786
0.009216786
0.006144524
0
0.009216786
0.003072262
0.003072262
0.003072262
0.009216786
0.003072262
0.018433572
0.01536131
0.021505834
0.018433572
0.01536131
0.006144524
0
0.003072262
0.009216786
0.006144524
0.009216786
0.003072262
0.006144524
0.006144524
0.006144524
0.003072262
0.003072262
0.003072262
0.006144524
0.01536131
0.021505834
0.01536131
0.012289048
0.006144524
0.006144524
0.003072262
0.003072262
0.003072262
0.009216786
0.006144524
0.003072262
0
0.006144524
0
0.006144524
0
0.003072262
0.012289048
0.021505834
0.012289048
0.009216786
0.009216786
0.009216786
0.003072262
0.006144524
0
0.003072262
0.009216786
0.009216786
0
0.006144524
0
0
0.003072262
0.003072262
0.01536131
0
0.006144524
0.01536131
0.024578096
0.01536131
0.033794882
0.039939406
0.018433572
0.006144524
0
0
0
0.003072262
0.006144524
0
0.006144524
0.012289048
0.012289048
0.033794882
0.052228454
0.06144524
0.033794882
0.012289048
0.003072262
0.012289048
0.003072262
0.006144524
0.012289048
0.003072262
0.006144524
0
0.006144524
0.003072262
0.003072262
0.003072262
0.003072262
0.003072262
0
0.003072262
0.003072262
0.003072262
0
0.003072262
0
0.003072262
0.003072262
0.006144524
0
0.006144524
0
0.003072262
0.006144524
0.003072262
0.003072262
0.003072262
0.009216786
0
0
0.003072262
0.003072262
0
0.006144524
0
0
0.003072262
0.003072262
0.006144524
0
0.006144524
0
0
0
0.006144524
0.003072262
0
0.003072262
0.003072262
0.009216786
0.003072262
0.003072262
0
0
0.003072262
0
0.003072262
0
0.003072262
0.006144524
0
0.006144524
0
0.003072262
0.003072262
0.006144524
0
0
0
0.009216786
0
0.006144524
0.003072262
0.003072262
0.003072262
0.003072262
0
0.006144524
0.006144524
0
0.003072262
0
0
0.003072262
0.012289048
0.003072262
0.003072262
0.003072262
0
0.006144524
0
0
0.006144524
0.003072262
0.006144524
0.003072262
0.003072262
0.003072262
0.003072262
0.003072262
0
0
0
0
0
0
0
0
0.003072262
0
0
0
0
0
0.003072262
0.006144524
0
0
0.003072262
0
0
0.003072262
0.003072262
0.003072262
0.003072262
0.003072262
0.003072262
0.003072262
0
0
0.003072262
0
0.003072262
0
0
0.003072262
0
0
0.003072262
0.006144524
0
0
0
0
0
0.003072262
0.003072262
0.003072262
0.003072262
0
0.003072262
0.003072262
0.012289048
0.003072262
0.003072262
0
0.003072262
0.003072262
0
0
0
0
0
0.003072262
0.003072262
0
0.003072262
0.006144524
0
0
0.003072262
0.009216786
0.003072262
0
0.006144524
0.009216786
0
0
0.003072262
0.003072262
0.003072262
0.003072262
0
0
0
0
0
0
0
0.003072262
0
0
0
0
0.003072262
0
0.003072262
0
0
0
0.006144524
0.003072262
0
0
0
0.009216786
0.003072262
0.003072262
0
0
0.006144524
0
0
0
0
0
0.006144524
0
0.003072262
0.006144524
0
0.003072262
0
0.006144524
0
0.003072262
0
0
0
0
0.003072262
0.003072262
0
0
0.006144524
0
0.003072262
0.003072262
0
0
0.003072262
0
0.003072262
0.003072262
0.003072262
0.003072262
0.003072262
0
0
0
0
0.003072262
0.003072262
0
0.003072262
0.003072262
0
0
0
0
0
0
0
0
0
0.006144524
0.003072262
0.003072262
0
0.01536131
0.009216786
0
0.006144524
0.003072262
0
0.003072262
0
0.003072262
0.003072262
0
0.003072262
0
0
0.006144524
0.003072262
0
0
0.003072262
0
0.006144524
0
0.003072262
0
0
0
0.003072262
0
0.003072262
0
0
0
0.003072262
0.006144524
0
0.006144524
0
0.003072262
0.003072262
0
0
0
0.006144524
0
0
0
0
0.006144524
0.006144524
0
0
0.003072262
0.003072262
0
0
0.003072262
0
0
0
0
0.006144524
0
0.003072262
0
0
0.003072262
0
0
0
0.003072262
0.003072262
0
0.003072262
0.006144524
0
0.003072262
0
0
0.006144524
0
0.003072262
0
0
0
0
0
0
0
0.006144524
0.003072262
0
0
0
0
0
0
0
0
0
0
0
0.003072262
0
0
0
0
0.003072262
0
0.003072262
0
0.003072262
0.003072262
0
0
0
0
0.003072262
0.003072262
0
0
0
0.003072262
0
0
0
0
0
0.003072262
0
0
0
0
0
0
0
0
0.003072262
0
0
0.006144524
0
0
0
0
0.003072262
0
0
0
0.006144524
0.003072262
0.006144524
0
0
0
0
0
0
0.003072262
0
0
0
0
0
0
0
0
0
0
0
0.003072262
0.006144524
0.003072262
0.003072262
0
0
0.003072262
0.003072262
0
0.003072262
0
0
0.003072262
0
0
0
0.006144524
0
0
0.003072262
0.003072262
0
0.003072262
0
0.003072262
0
0.003072262
0
0
0
0
0
0
0
0.003072262
0
0
0.006144524
0
0
0
0
0.006144524
0.003072262
0
0.003072262
0
0.003072262
0.003072262
0.003072262
0
0
0
0
0
0
0
0
0.003072262
0.003072262
0
0
0
0.003072262
0
0
0.003072262
0
0
0
0
0
0
0
0
0
0
0
0
0
0.003072262
0
0
0
0
0
0
0
0.003072262
0
0.003072262
0.003072262
0
0
0.003072262
0.006144524
0
0
0
0
0
0
0
0
0
0
0
0.003072262
0
0.006144524
0
0.003072262
0
0
0
0
0
0
0
0
0
0.003072262
0
0
0
0
0
0
0
0
0
0
0
0
0.003072262
0
0
0
0
0
0
0.003072262
0
0
0
0
0
0
0
0
0
0
0
0
0
0
0
0
0.003072262
0.003072262
0
0
0
0.003072262
0
0
0
0
0
0
0
0.003072262
0
0.003072262
0
0
0
0
0
0
0
0
0
0
0
0
0
0.003072262
0
0
0
0
0
0
0.003072262
0
0
0.003072262
0
0
0
0
0
0
0.003072262
0
0.003072262
0
0
0
0
0.003072262
0
0
0
0.003072262
0
0.003072262
0
0
0
0
0
0
0
0
0
0
0
0
0.003072262
0
0
0
0.003072262
0
0
0
0
0
0
0
0
0
0
0
0
0
0.003072262
0
0
0
0
0
0
0
0
0.003072262
0.003072262
0
0
0
0
0
0.003072262
0
0
0.003072262
0
0
0
0
0
0
0
0
0
0
0
0
0
0
0
0
0
0
0
0.003072262
0
0
0
0
0
0
0
0
0
0
0
0
0
0
0
0.003072262
0
0
0
0
0
0
0
0
0
0
0
0
0.006144524
0
0
0
0
0
0
0
0
0
0
0
0
0
0
0
0
0.003072262
0
0
0
0
0
0
0
0
0
0
0
0
0
0
0
0
0
0
0
0
0.006144524
0
0
0.003072262
0
0.003072262
0.003072262
0
0
0
0
0
0
0.003072262
0.006144524
0.003072262
0
0
0.006144524
0
0
0
0.003072262
0.003072262
0
0
0
0
0
0
0
0
0
0
0
0
0.003072262
0
0.003072262
0
0
0.003072262
0
0.003072262
0
0
0
0
0
0
0
0
0
0.006144524
0
0
0
0
0.003072262
0
0
0
0
0
0
0
0.003072262
0.003072262
0
0.003072262
0.003072262
0
0
0.003072262
0.003072262
0
0
0
0
0.003072262
0
0
0.003072262
0
0
0
0
0
0
0
0
0
0
0
0
0
0
0
0
0
0
0
0
0
0
0
0
0
0
0
0
0
0
0
0
0
0
0
0
0
0
0
0
0
0
0
0
0
0
0
0
0
0
0
0
0
0
0
0
0
0
0
0
0
0
0
0
0
0
0
0
0
0
0
0
0
0
0
0
0
0
0
0
0
0
0
0
0
0
0
0
0
0
0
0
0
0
0
0
0
0
0
0
0
0
0
0
0
0
0
0
0
0
0
0
0
0
0
0
0
0
0
0
0
0
0
0
0
0
0
0
0
0
0
0
0
0
0
0
0
0
0
0
0
0
0
0
0
0
0
0
0
0
0
0
0
0
0
0
0
0
0
0
0
0
0
0
0
0
0
0
0
0
0
0
0
0
0
0
0
0
0
0
0
0
0
0
0
0
0
0
0
0
0
0
0
0
0
0
0
0
0
0
0
0
0
0
0
0
0
0
0
0
0
0
0
0
0
0
0
0
0
0
0
0
0
0
0
0
0
0
0
0
0
0
0
0
0
0
0
0
0
0
0
0
0
0
0
0
0
0
0
0
0
0
0
0
0
0
0
0
0
0
0
0
0
0
0
0
0
0
0
0
0
0
0
0
0
0
0
0
0
0
0
0
0
0
0
0
0
0
0
0
0
0
0
0
0
0
0
0
0
0
0
0
0
0
0
0
0
0
0
0
0
0
0
0
0
0
0
0
0
0
0
0
0
0
0
0
0
0
0
0
0
0
0
0
0
0
0
0
0
0
0
0
0
0
0
0
0
0
0
0
0
0
0
0
0
0
0
0
0
0
0
0
0
0
0
0
0
0
0
0
0
0
0
0
0
0
0
0
0
0
0
0
0
0
0
0
0
0
0
0
0
0
0
0
0
0
0
0
0
0
0
0
0
0
0
0
0
0
0
0
0
0
0
0
0
0
0
0
0
0
0
0
0
0
0
0
0
0
0
0
0
0
0
0
0
0
0
0
0
0
0
0
0
0
0
0
0
0
0
0
0
0
0
0
0
0
0
0
0
0
0
0
0
0
0
0
0
0
0
0
0
0
0
0
0
0
0
0
0
0
0
0
0
0
0
0
0
0
0
0
0
0
0
0
0
0
0
0
0
0
0
0
0
0
0
0
0
0
0
0
0
0
0
0
0
0
0
0
0
0
0
0
0
0
0
0
0
0
0
0
0
0
0
0
0
0
0
0
0
0
0
0
0
0
0
0
0
0
0
0
0
0
0
0
0
0
0
0
0
0
0
0
0
0
0
0
0
0
0
0
0
0
0
0
0
0
0
0
0
0
0
0
0
0
0
0
0
0
0
0
0
0
0
0
0
0
0
0
0
0
0
0
0
0
0
0
0
0
0
0
0
0
0
0
0
0
0
0
0
0
0
0
0
0
0
0
0
0
0
0
0
0
0
0
0
0
0
0
0
0
0
0
0
0
0
0
0
0
0
0
0
0
0
0
0
0
0
0
0
0
0
0
0
0
0
0
0
0
0
0
0
0
0
0
0
0
0
0
0
0
0
0
0
0
0
0
0
0
0
0
0
0
0
0
0
0
0
0
0
0
0
0
0
0
0
0
0
0
0
0
0
0
0
0
0
0
0
0
0
0
0
0
0
0
0
0
0
0
0
0
0
0
0
0
0
0
0
0
0
0
0
0
0
0
0
0
0
0
0
0
0
0
0
0
0
0
0
0
0
0
0
0
0
0
0
0
0
0
0
0
0
0
0
0
0
0
0
0
0
0
0
0
0
0
0
0
0
0
0
0
0
0
0
0
0
0
0
0
0
0
0
0
0
0
0
0
0
0
0
0
0
0
0
0
0
0
0
0
0
0
0
0
0
0
0
0
0
0
0
0
0
0
0
0
0
0
0
0
0
0
0
0
0
0
0
0
0
0
0
0
0
0
0
0
0
0
0
0
0
0
0
0
0
0
0
0
0
0
0
0
0
0
0
0
0
0
0
0
0
0
0
0
0
0
0
0
0
0
0
0
0
0
0
0
0
0
0
0
0
0
0
0
0
0
0
0
0
0
0
0
0
0
0
0
0
0
0
0
0
0
0
0
0
0
0
0
0
0
0
0
0
0
0
0
0
0
0
0
0
0
0
0
0
0
0
0
0
0
0
0
0
0
0
0
0
0
0
0
0
0
0
0
0
0
0
0
0
0
0
0
0
0
0
0
0
0
0
0
0
0
0
0
0
0
0
0
0
0
0
0
0
0
0
0
0
0
0
0
0
0
0
0
0
0
0
0
0
0
0
0
0
0
0
0
0
0
0
0
0
0
0
0
0
0
0
0
0
0
0
0
0
0
0
0
0
0
0
0
0
0
0
0
0
0
0
0
0
0
0
0
0
0
0
0
0
0
0
0
0
0
0
0
0
0
0
0
0
0
0
0
0
0
0
0
0
0
0
0
0
0
0
0
0
0
0
0
0
0
0
0
0
0
0
0
0
0
0
0
0
0
0
0
0
0
0
0
0
0
0
0
0
0
0
0
0
0
0
0
0
0
0
0
0
0
0
0
0
0
0
0
0
0
0
0
0
0
0
0
0
0
0
0
0
0
0
0
0
0
0
0
0
0
0
0
0
0
0
0
0
0
0
0
0
0
0
0
0
0
0
0
0
0
0
0
0
0
0
0
0
0
0
0
0
0
0
0
0
0
0
0
0
0
0
0
0
0
0
0
0
0
0
0
0
0
0
0
0
0
0
0
0
0
0
0
0
0
0
0
0
0
0
0
0
0
0
0
0
0
0
0
0
0
0
0
0
0
0
0
0
0
0
0
0
0
0
0
0
0
0
0
0
0
0
0
0
0
0
0
0
0
0
0
0
0
0
0
0
0
0
0
0
0
0
0
0
0
0
0
0
0
0
0
0
0
0
0
0
0
0
0
0
0
0
0
0
0
0
0
0
0
0
0
0
0
0
0
0
0
0
0
0
0
0
0
0
0
0
0
0
0
0
0
0
0
0
0
0
0
0
0
0
0
0
0
0
0
0
0
0
0
0
0
0
0
0
0
0
0
0
0
0
0
0
0
0
0
0
0
0
0
0
0
0
0
0
0
0
0
0
0
0
0
0
0
0
0
0
0
0
0
0
0
0
0
0
0
0
0
0
0
0
0
0
0
0
0
0
0
0
0
0
0
0
0
0
0
0
0
0
0
0
0
0
0
0
0
0
0
0
0
0
0
0
0
0
0
0
0
0
0
0
0
0
0
0
0
0
0
0
0
0
0
0
0
0
0
0
0
0
0
0
0
0
0
0
0
0
0
0
0
0
0
0
0
0
0
0
0
0
0
0
0
0
0
0
0
0
0
0
0
0
0
0
0
0
0
0
0
0
0
0
0
0
0
0
0
0
0
0
0
0
0
0
0
0
0
0
0
0
0
0
0
0
0
0
0
0
0
0
0
0
0
0
0
0
0
0
0
0
0
0
0
0
0
0
0
0
0
0
0
0
0
0
0
0
0
0
0
0
0
0
0
0
0
0
0
0
0
0
0
0
0
0
0
0
0
0
0
0
0
0
0
0
0
0
0
0
0
0
0
0
0
0
0
0
0
0
0
0
0
0
0
0
0
0
0
0
0
0
0
0
0
0
0
0
0
0
0
0
0
0
0
0
0
0
0
0
0
0
0
0
0
0
0
0
0
0
0
0
0
0
0
0
0
0
0
0
0
0
0
0
0
0
0
0
0
0
0
0
0
0
0
0
0
0
0
0
0
0
0
0
0
0
0
0
0
0
0
0
0
0
0
0
0
0
0
0
0
0
0
0
0
0
0
0
0
0
0
0
0
0
0
0
0
0
0
0
0
0
0
0
0
0
0
0
0
0
0
0
0
0
0
0
0
0
0
0
0
0
0
0
0
0
0
0
0
0
0
0
0
0
0
0
0
0
0
0
0
0
0
0
0
0
0
0
0
0
0
0
0
0
0
0
0
0
0
0
0
0
0
0
0
0
0
0
0
0
0
0
0
0
0
0
0
0
0
0
0
0
0
0
0
0
0
0
0
0
0
0
0
0
0
0
0
0
0
0
0
0
0
0
0
0
0
0
0
0
0
0
0
0
0
0
0
0
0
0
0
0
0
0
0
0
0
0
0
0
0
0
0
0
0
0
0
0
0
0
0
0
0
0
0
0
0
0
0
0
0
0
0
0
0
0
0
0
0
0
0
0
0
0
0
0
0
0
0
0
0
0
0
0
0
0
0
0
0
0
0
0
0
0
0
0
0
0
0
0
0
0
0
0
0
0
0
0
0
0
0
0
0
0
0
0
0
0
0
0
0
0
0
0
0
0
0
0
0
0
0
0
0
0
0
0
0
0
0
0
0
0
0
0
0
0
0
0
0
0
0
0
0
0
0
0
0
0
0
0
0
0
0
0
0
0
0
0
0
0
0
0
0
0
0
0
0
0
0
0
0
0
0
0
0
0
0
0
0
0
0
0
0
0
0
0
0
0
0
0
0
0
0
0
0
0
0
0
0
0
0
0
0
0
0
0
0
0
0
0
0
0
0
0
0
0
0
0
0
0
0
0
0
0
0
0
0
0
0
0
0
0
0
0
0
0
0
0
0
0
0
0
0
0
0
0
0
0
0
0
0
0
0
0
0
0
0
0
0
0
0
0
0
0
0
0
0
0
0
0
0
0
0
0
0
0
0
0
0
0
0
0
0
0
0
0
0
0
0
0
0
0
0
0
0
0
0
0
0
0
0
0
0
0
0
0
0
0
0
0
0
0
0
0
0
0
0
0
0
0
0
0
0
0
0
0
0
0
0
0
0
0
0
0
0
0
0
0
0
0
0
0
0
0
0
0
0
0
0
0
0
0
0
0
0
0
0
0
0
0
0
0
0
0
0
0
0
0
0
0
0
0
0
0
0
0
0
0
0
0
0
0
0
0
0
0
0
0
0
0
0
0
0
0
0
0
0
0
0
0
0
0
0
0
0
0
0
0
0
0
0
0
0
0
0
0
0
0
0
0
0
0
0
0
0
0
0
0
0
0
0
0
0
0
0
0
0
0
0
0
0
0
0
0
0
0
0
0
0
0
0
0
0
0
0
0
0
0
0
0
0
0
0
0
0
0
0
0
0
0
0
0
0
0
0
0
0
0
0
0
0
0
0
0
0
0
0
0
0
0
0
0
0
0
0
0
0
0
0
0
0
0
0
0
0
0
0
0
0
0
0
0
0
0
0
0
0
0
0
0
0
0
0
0
0
0
0
0
0
0
0
0
0
0
0
0
0
0
0
0
0
0
0
0
0
0
0
0
0
0
0
0
0
0
0
0
0
0
0
0
0
0
0
0
0
0
0
0
0
0
0
0
0
0
0
0
0
0
0
0
0
0
0
0
0
0
0
0
0
0
0
0
0
0
0
0
0
0
0
0
0
0
0
0
0
0
0
0
0
0
0
0
0
0
0
0
0
0
0
0
0
0
0
0
0
0
0
0
0
0
0
0
0
0
0
0
0
0
0
0
0
0
0
0
0
0
0
0
0
0
0
0
0
0
0
0
0
0
0
0
0
0
0
0
0
0
0
0
0
0
0
0
0
0
0
0
0
0
0
0
0
0
0
0
0
0
0
0
0
0
0
0
0
0
0
0
0
0
0
0
0
0
0
0
0
0
0
0
0
0
0
0
0
0
0
0
0
0
0
0
0
0
0
0
0
0
0
0
0
0
0
0
0
0
0
0
0
0
0
0
0
0
0
0
0
0
0
0
0
0
0
0
0
0
0
0
0
0
0
0
0
0
0
0
0
0
0
0
0
0
0
0
0
0
0
0
0
0
0
0
0
0
0
0
0
0
0
0
0
0
0
0
0
0
0
0
0
0
0
0
0
0
0
0
0
0
0
0
0
0
0
0
0
0
0
0
0
0
0
0
0
0
0
0
0
0
0
0
0
0
0
0
0
0
0
0
0
0
0
0
0
0
0
0
0
0
0
0
0
0
0
0
0
0
0
0
0
0
0
0
0
0
0
0
0
0
0
0
0
0
0
0
0
0
0
0
0
0
0
0
0
0
0
0
0
0
0
0
0
0
0
0
0
0
0
0
0
0
0
0
0
0
0
0
0
0
0
0
0
0
0
0
0
0
0
0
0
0
0
0
0
0
0
0
0
0
0
0
0
0
0
0
0
0
0
0
0
0
0
0
0
0
0
0
0
0
0
0
0
0
0
0
0
0
0
0
0
0
0
0
0
0
0
0
0
0
0
0
0
0
0
0
0
0
0
0
0
0
0
0
0
0
0
0
0
0
0
0
0
0
0
0
0
0
0
0
0
0
0
0
0
0
0
0
0
0
0
0
0
0
0
0
0
0
0
0
0
0
0
0
0
0
0
0
0
0
0
0
0
0
0
0
0
0
0
0
0
0
0
0
0
0
0
0
0
0
0
0
0
0
0
0
0
0
0
0
0
0
0
0
0
0
0
0
0
0
0
0
0
0
0
0
0
0
0
0
0
0
0
0
0
0
0
0
0
0
0
0
0
0
0
0
0
0
0
0
0
0
0
0
0
0
0
0
0
0
0
0
0
0
0
0
0
0
0
0
0
0
0
0
0
0
0
0
0
0
0
0
0
0
0
0
0
0
0
0
0
0
0
0
0
0
0
0
0
0
0
0
0
0
0
0
0
0
0
0
0
0
0
0
0
0
0
0
0
0
0
0
0
0
0
0
0
0
0
0
0
0
0
0
0
0
0
0
0
0
0
0
0
0
0
0
0
0
0
0
0
0
0
0
0
0
0
0
0
0
0
0
0
0
0
0
0
0
0
0
0
0
0
0
0
0
0
0
0
0
0
0
0
0
0
0
0
0
0
0
0
0
0
0
0
0
0
0
0
0
0
0
0
0
0
0
0
0
0
0
0
0
0
0
0
0
0
0
0
0
0
0
0
0
0
0
0
0
0
0
0
0
0
0
0
0
0
0
0
0
0
0
0
0
0
0
0
0
0
0
0
0
0
0
0
0
0
0
0
0
0
0
0
0
0
0
0
0
0
0
0
0
0
0
0
0
0
0
0
0
0
0
0
0
0
0
0
0
0
0
0
0
0
0
0
0
0
0
0
0
0
0
0
0
0
0
0
0
0
0
0
0
0
0
0
0
0
0
0
0
0
0
0
0
0
0
0
0
0
0
0
0
0
0
0
0
0
0
0
0
0
0
0
0
0
0
0
0
0
0
0
0
0
0
0
0
0
0
0
0
0
0
0
0
0
0
0
0
0
0
0
0
0
0
0
0
0
0
0
0
0
0
0
0
0
0
0
0
0
0
0
0
0
0
0
0
0
0
0
0
0
0
0
0
0
0
0
0
0
0
0
0
0
0
0
0
0
0
0
0
0
0
0
0
0
0
0
0
0
0
0
0
0
0
0
0
0
0
0
0
0
0
0
0
0
0
0
0
0
0
0
0
0
0
0
0
0
0
0
0
0
0
0
0
0
0
0
0
0
0
0
0
0
0
0
0
0
0
0
0
0
0
0
0
0
0
0
0
0
0
0
0
0
0
0
0
0
0
0
0
0
0
0
0
0
0
0
0
0
0
0
0
0
0
0
0
0
0
0
0
0
0
0
0
0
0
0
0
0
0
0
0
0
0
0
0
0
0
0
0
0
0
0
0
0
0
0
0
0
0
0
0
0
0
0
0
0
0
0
0
0
0
0
0
0
0
0
0
0
0
0
0
0
0
0
0
0
0
0
0
0
0
0
0
0
0
0
0
0
0
0
0
0
0
0
0
0
0
0
0
0
0
0
0
0
0
0
0
0
0
0
0
0
0
0
0
0
0
0
0
0
0
0
0
0
0
0
0
0
0
0
0
0
0
0
0
0
0
0
0
0
0
0
0
0
0
0
0
0
0
0
0
0
0
0
0
0
0
0
0
0
0
0
0
0
0
0
0
0
0
0
0
0
0
0
0
0
0
0
0
0
0
0
0
0
0
0
0
0
0
0
0
0
0
0
0
0
0
0
0
0
0
0
0
0
0
0
0
0
0
0
0
0
0
0
0
0
0
0
0
0
0
0
0
0
0
0
0
0
0
0
0
0
0
0
0
0
0
0
0
0
0
0
0
0
0
0
0
0
0
0
0
0
0
0
0
0
0
0
0
0
0
0
0
0
0
0
0
0
0
0
0
0
0
0
0
0
0
0
0
0
0
0
0
0
0
0
0
0
0
0
0
0
0
0
0
0
0
0
0
0
0
0
0
0
0
0
0
0
0
0
0
0
0
0
0
0
0
0
0
0
0
0
0
0
0
0
0
0
0
0
0
0
0
0
0
0
0
0
0
0
0
0
0
0
0
0
0
0
0
0
0
0
0
0
0
0
0
0
0
0
0
0
0
0
0
0
0
0
0
0
0
0
0
0
0
0
0
0
0
0
0
0
0
0
0
0
0
0
0
0
0
0
0
0
0
0
0
0
0
0
0
0
0
0
0
0
0
0
0
0
0
0
0
0
0
0
0
0
0
0
0
0
0
0
0
0
0
0
0
0
0
0
0
0
0
0
0
0
0
0
0
0
0
0
0
0
0
0
0
0
0
0
0
0
0
0
0
0
0
0
0
0
0
0
0
0
0
0
0
0
0
0
0
0
0
0
0
0
0
0
0
0
0
0
0
0
0
0
0
0
0
0
0
0
0
0
0
0
0
0
0
0
0
0
0
0
0
0
0
0
0
0
0
0
0
0
0
0
0
0
0
0
0
0
0
0
0
0
0
0
0
0
0
0
0
0
0
0
0
0
0
0
0
0
0
0
0
0
0
0
0
0
0
0
0
0
0
0
0
0
0
0
0
0
0
0
0
0
0
0
0
0
0
0
0
0
0
0
0
0
0
0
0
0
0
0
0
0
0
0
0
0
0
0
0
0
0
0
0
0
0
0
0
0
0
0
0
0
0
0
0
0
0
0
0
0
0
0
0
0
0
0
0
0
0
0
0
0
0
0
0
0
0
0
0
0
0
0
0
0
0
0
0
0
0
0
0
0
0
0
0
0
0
0
0
0
0
0
0
0
0
0
0
0
0
0
0
0
0
0
0
0
0
0
0
0
0
0
0
0
0
0
0
0
0
0
0
0
0
0
0
0
0
0
0
0
0
0
0
0
0
0
0
0
0
0
0
0
0
0
0
0
0
0
0
0
0
0
0
0
0
0
0
0
0
0
0
0
0
0
0
0
0
0
0
0
0
0
0
0
0
0
0
0
0
0
0
0
0
0
0
0
0
0
0
0
0
0
0
0
0
0
0
0
0
0
0
0
0
0
0
0
0
0
0
0
0
0
0
0
0
0
0
0
0
0
0
0
0
0
0
0
0
0
0
0
0
0
0
0
0
0
0
0
0
0
0
0
0
0
0
0
0
0
0
0
0
0
0
0
0
0
0
0
0
0
0
0
0
0
0
0
0
0
0
0
0
0
0
0
0
0
0
0
0
0
0
0
0
0
0
0
0
0
0
0
0
0
0
0
0
0
0
0
0
0
0
0
0
0
0
0
0
0
0
0
0
0
0
0
0
0
0
0
0
0
0
0
0
0
0
0
0
0
0
0
0
0
0
0
0
0
0
0
0
0
0
0
0
0
0
0
0
0
0
0
0
0
0
0
0
0
0
0
0
0
0
0
0
0
0
0
0
0
0
0
0
0
0
0
0
0
0
0
0
0
0
0
0
0
0
0
0
0
0
0
0
0
0
0
0
0
0
0
0
0
0
0
0
0
0
0
0
0
0
0
0
0
0
0
0
0
0
0
0
0
0
0
0
0
0
0
0
0
0
0
0
0
0
0
0
0
0
0
0
0
0
0
0
0
0
0
0
0
0
0
0
0
0
0
0
0
0
0
0
0
0
0
0
0
0
0
0
0
0
0
0
0
0
0
0
0
0
0
0
0
0
0
0
0
0
0
0
0
0
0
0
0
0
0
0
0
0
0
0
0
0
0
0
0
0
0
0
0
0
0
0
0
0
0
0
0
0
0
0
0
0
0
0
0
0
0
0
0
0
0
0
0
0
0
0
0
0
0
0
0
0
0
0
0
0
0
0
0
0
0
0
0
0
0
0
0
0
0
0
0
0
0
0
0
0
0
0
0
0
0
0
0
0
0
0
0
0
0
0
0
0
0
0
0
0
0
0
0
0
0
0
0
0
0
0
0
0
0
0
0
0
0
0
0
0
0
0
0
0
0
0
0
0
0
0
0
0
0
0
0
0
0
0
0
0
0
0
0
0
0
0
0
0
0
0
0
0
0
0
0
0
0
0
0
0
0
0
0
0
0
0
0
0
0
0
0
0
0
0
0
0
0
0
0
0
0
0
0
0
0
0
0
0
0
0
0
0
0
0
0
0
0
0
0
0
0
0
0
0
0
0
0
0
0
0
0
0
0
0
0
0
0
0
0
0
0
0
0
0
0
0
0
0
0
0
0
0
0
0
0
0
0
0
0
0
0
0
0
0
0
0
0
0
0
0
0
0
0
0
0
0
0
0
0
0
0
0
0
0
0
0
0
0
0
0
0
0
0
0
0
0
0
0
0
0
0
0
0
0
0
0
0
0
0
0
0
0
0
0
0
0
0
0
0
0
0
0
0
0
0
0
0
0
0
0
0
0
0
0
0
0
0
0
0
0
0
0
0
0
0
0
0
0
0
0
0
0
0
0
0
0
0
0
0
0
0
0
0
0
0
0
0
0
0
0
0
0
0
0
0
0
0
0
0
0
0
0
0
0
0
0
0
0
0
0
0
0
0
0
0
0
0
0
0
0
0
0
0
0
0
0
0
0
0
0
0
0
0
0
0
0
0
0
0
0
0
0
0
0
0
0
0
0
0
0
0
0
0
0
0
0
0
0
0
0
0
0
0
0
0
0
0
0
0
0
0
0
0
0
0
0
0
0
0
0
0
0
0
0
0
0
0
0
0
0
0
0
0
0
0
0
0
0
0
0
0
0
0
0
0
0
0
0
0
0
0
0
0
0
0
0
0
0
0
0
0
0
0
0
0
0
0
0
0
0
0
0
0
0
0
0
0
0
0
0
0
0
0
0
0
0
0
0
0
0
0
0
0
0
0
0
0
0
0
0
0
0
0
0
0
0
0
0
0
0
0
0
0
0
0
0
0
0
0
0
0
0
0
0
0
0
0
0
0
0
0
0
0
0
0
0
0
0
0
0
0
0
0
0
0
0
0
0
0
0
0
0
0
0
0
0
0
0
0
0
0
0
0
0
0
0
0
0
0
0
0
0
0
0
0
0
0
0
0
0
0
0
0
0
0
0
0
0
0
0
0
0
0
0
0
0
0
0
0
0
0
0
0
0
0
0
0
0
0
0
0
0
0
0
0
0
0
0
0
0
0
0
0
0
0
0
0
0
0
0
0
0
0
0
0
0
0
0
0
0
0
0
0
0
0
0
0
0
0
0
0
0
0
0
0
0
0
0
0
0
0
0
0
0
0
0
0
0
0
0
0
0
0
0
0
0
0
0
0
0
0
0
0
0
0
0
0
0
0
0
0
0
0
0
0
0
0
0
0
0
0
0
0
0
0
0
0
0
0
0
0
0
0
0
0
0
0
0
0
0
0
0
0
0
0
0
0
0
0
0
0
0
0
0
0
0
0
0
0
0
0
0
0
0
0
0
0
0
0
0
0
0
0
0
0
0
0
0
0
0
0
0
0
0
0
0
0
0
0
0
0
0
0
0
0
0
0
0
0
0
0
0
0
0
0
0
0
0
0
0
0
0
0
0
0
0
0
0
0
0
0
0
0
0
0
0
0
0
0
0
0
0
0
0
0
0
0
0
0
0
0
0
0
0
0
0
0
0
0
0
0
0
0
0
0
0
0
0
0
0
0
0
0
0
0
0
0
0
0
0
0
0
0
0
0
0
0
0
0
0
0
0
0
0
0
0
0
0
0
0
0
0
0
0
0
0
0
0
0
0
0
0
0
0
0
0
0
0
0
0
0
0
0
0
0
0
0
0
0
0
0
0
0
0
0
0
0
0
0
0
0
0
0
0
0
0
0
0
0
0
0
0
0
0
0
0
0
0
0
0
0
0
0
0
0
0
0
0
0
0
0
0
0
0
0
0
0
0
0
0
0
0
0
0
0
0
0
0
0
0
0
0
0
0
0
0
0
0
0
0
0
0
0
0
0
0
0
0
0
0
0
0
0
0
0
0
0
0
0
0
0
0
0
0
0
0
0
0
0
0
0
0
0
0
0
0
0
0
0
0
0
0
0
0
0
0
0
0
0
0
0
0
0
0
0
0
0
0
0
0
0
0
0
0
0
0
0
0
0
0
0
0
0
0
0
0
0
0
0
0
0
0
0
0
0
0
0
0
0
0
0
0
0
0
0
0
0
0
0
0
0
0
0
0
0
0
0
0
0
0
0
0
0
0
0
0
0
0
0
0
0
0
0
0
0
0
0
0
0
0
0
0
0
0
0
0
0
0
0
0
0
0
0
0
0
0
0
0
0
0
0
0
0
0
0
0
0
0
0
0
0
0
0
0
0
0
0
0
0
0
0
0
0
0
0
0
0
0
0
0
0
0
0
0
0
0
0
0
0
0
0
0
0
0
0
0
0
0
0
0
0
0
0
0
0
0
0
0
0
0
0
0
0
0
0
0
0
0
0
0
0
0
0
0
0
0
0
0
0
0
0
0
0
0
0
0
0
0
0
0
0
0
0
0
0
0
0
0
0
0
0
0
0
0
0
0
0
0
0
0
0
0
0
0
0
0
0
0
0
0
0
0
0
0
0
0
0
0
0
0
0
0
0
0
0
0
0
0
0
0
0
0
0
0
0
0
0
0
0
0
0
0
0
0
0
0
0
0
0
0
0
0
0
0
0
0
0
0
0
0
0
0
0
0
0
0
0
0
0
0
0
0
0
0
0
0
0
0
0
0
0
0
0
0
0
0
0
0
0
0
0
0
0
0
0
0
0
0
0
0
0
0
0
0
0
0
0
0
0
0
0
0
0
0
0
0
0
0
0
0
0
0
0
0
0
0
0
0
0
0
0
0
0
0
0
0
0
0
0
0
0
0
0
0
0
0
0
0
0
0
0
0
0
0
0
0
0
0
0
0
0
0
0
0
0
0
0
0
0
0
0
0
0
0
0
0
0
0
0
0
0
0
0
0
0
0
0
0
0
0
0
0
0
0
0
0
0
0
0
0
0
0
0
0
0
0
0
0
0
0
0
0
0
0
0
0
0
0
0
0
0
0
0
0
0
0
0
0
0
0
0
0
0
0
0
0
0
0
0
0
0
0
0
0
0
0
0
0
0
0
0
0
0
0
0
0
0
0
0
0
0
0
0
0
0
0
0
0
0
0
0
0
0
0
0
0
0
0
0
0
0
0
0
0
0
0
0
0
0
0
0
0
0
0
0
0
0
0
0
0
0
0
0
0
0
0
0
0
0
0
0
0
0
0
0
0
0
0
0
0
0
0
0
0
0
0
0
0
0
0
0
0
0
0
0
0
0
0
0
0
0
0
0
0
0
0
0
0
0
0
0
0
0
0
0
0
0
0
0
0
0
0
0
0
0
0
0
0
0
0
0
0
0
0
0
0
0
0
0
0
0
0
0
0
0
0
0
0
0
0
0
0
0
0
0
0
0
0
0
0
0
0
0
0
0
0
0
0
0
0
0
0
0
0
0
0
0
0
0
0
0
0
0
0
0
0
0
0
0
0
0
0
0
0
0
0
0
0
0
0
0
0
0
0
0
0
0
0
0
0
0
0
0
0
0
0
0
0
0
0
0
0
0
0
0
0
0
0
0
0
0
0
0
0
0
0
0
0
0
0
0
0
0
0
0
0
0
0
0
0
0
0
0
0
0
0
0
0
0
0
0
0
0
0
0
0
0
0
0
0
0
0
0
0
0
0
0
0
0
0
0
0
0
0
0
0
0
0
0
0
0
0
0
0
0
0
0
0
0
0
0
0
0
0
0
0
0
0
0
0
0
0
0
0
0
0
0
0
0
0
0
0
0
0
0
0
0
0
0
0
0
0
0
0
0
0
0
0
0
0
0
0
0
0
0
0
0
0
0
0
0
0
0
0
0
0
0
0
0
0
0
0
0
0
0
0
0
0
0
0
0
0
0
0
0
0
0
0
0
0
0
0
0
0
0
0
0
0
0
0
0
0
0
0
0
0
0
0
0
0
0
0
0
0
0
0
0
0
0
0
0
0
0
0
0
0
0
0
0
0
0
0
0
0
0
0
0
0
0
0
0
0
0
0
0
0
0
0
0
0
0
0
0
0
0
0
0
0
0
0
0
0
0
0
0
0
0
0
0
0
0
0
0
0
0
0
0
0
0
0
0
0
0
0
0
0
0
0
0
0
0
0
0
0
0
0
0
0
0
0
0
0
0
0
0
0
0
0
0
0
0
0
0
0
0
0
0
0
0
0
0
0
0
0
0
0
0
0
0
0
0
0
0
0
0
0
0
0
0
0
0
0
0
0
0
0
0
0
0
0
0
0
0
0
0
0
0
0
0
0
0
0
0
0
0
0
0
0
0
0
0
0
0
0
0
0
0
0
0
0
0
0
0
0
0
0
0
0
0
0
0
0
0
0
0
0
0
0
0
0
0
0
0
0
0
0
0
0
0
0
0
0
0
0
0
0
0
0
0
0
0
0
0
0
0
0
0
0
0
0
0
0
0
0
0
0
0
0
0
0
0
0
0
0
0
0
0
0
0
0
0
0
0
0
0
0
0
0
0
0
0
0
0
0
0
0
0
0
0
0
0
0
0
0
0
0
0
0
0
0
0
0
0
0
0
0
0
0
0
0
0
0
0
0
0
0
0
0
0
0
0
0
0
0
0
0
0
0
0
0
0
0
0
0
0
0
0
0
0
0
0
0
0
0
0
0
0
0
0
0
0
0
0
0
0
0
0
0
0
0
0
0
0
0
0
0
0
0
0
0
0
0
0
0
0
0
0
0
0
0
0
0
0
0
0
0
0
0
0
0
0
0
0
0
0
0
0
0
0
0
0
0
0
0
0
0
0
0
0
0
0
0
0
0
0
0
0
0
0
0
0
0
0
0
0
0
0
0
0
0
0
0
0
0
0
0
0
0
0
0
0
0
0
0
0
0
0
0
0
0
0
0
0
0
0
0
0
0
0
0
0
0
0
0
0
0
0
0
0
0
0
0
0
0
0
0
0
0
0
0
0
0
0
0
0
0
0
0
0
0
0
0
0
0
0
0
0
0
0
0
0
0
0
0
0
0
0
0
0
0
0
0
0
0
0
0
0
0
0
0
0
0
0
0
0
0
0
0
0
0
0
0
0
0
0
0
0
0
0
0
0
0
0
0
0
0
0
0
0
0
0
0
0
0
0
0
0
0
0
0
0
0
0
0
0
0
0
0
0
0
0
0
0
0
0
0
0
0
0
0
0
0
0
0
0
0
0
0
0
0
0
0
0
0
0
0
0
0
0
0
0
0
0
0
0
0
0
0
0
0
0
0
0
0
0
0
0
0
0
0
0
0
0
0
0
0
0
0
0
0
0
0
0
0
0
0
0
0
0
0
0
0
0
0
0
0
0
0
0
0
0
0
0
0
0
0
0
0
0
0
0
0
0
0
0
0
0
0
0
0
0
0
0
0
0
0
0
0
0
0
0
0
0
0
0
0
0
0
0
0
0
0
0
0
0
0
0
0
0
0
0
0
0
0
0
0
0
0
0
0
0
0
0
0
0
0
0
0
0
0
0
0
0
0
0
0
0
0
0
0
0
0
0
0
0
0
0
0
0
0
0
0
0
0
0
0
0
0
0
0
0
0
0
0
0
0
0
0
0
0
0
0
0
0
0
0
0
0
0
0
0
0
0
0
0
0
0
0
0
0
0
0
0
0
0
0
0
0
0
0
0
0
0
0
0
0
0
0
0
0
0
0
0
0
0
0
0
0
0
0
0
0
0
0
0
0
0
0
0
0
0
0
0
0
0
0
0
0
0
0
0
0
0
0
0
0
0
0
0
0
0
0
0
0
0
0
0
0
0
0
0
0
0
0
0
0
0
0
0
0
0
0
0
0
0
0
0
0
0
0
0
0
0
0
0
0
0
0
0
0
0
0
0
0
0
0
0
0
0
0
0
0
0
0
0
0
0
0
0
0
0
0
0
0
0
0
0
0
0
0
0
0
0
0
0
0
0
0
0
0
0
0
0
0
0
0
0
0
0
0
0
0
0
0
0
0
0
0
0
0
0
0
0
0
0
0
0
0
0
0
0
0
0
0
0
0
0
0
0
0
0
0
0
0
0
0
0
0
0
0
0
0
0
0
0
0
0
0
0
0
0
0
0
0
0
0
0
0
0
0
0
0
0
0
0
0
0
0
0
0
0
0
0
0
0
0
0
0
0
0
0
0
0
0
0
0
0
0
0
0
0
0
0
0
0
0
0
0
0
0
0
0
0
0
0
0
0
0
0
0
0
0
0
0
0
0
0
0
0
0
0
0
0
0
0
0
0
0
0
0
0
0
0
0
0
0
0
0
0
0
0
0
0
0
0
0
0
0
0
0
0
0
0
0
0
0
0
0
0
0
0
0
0
0
0
0
0
0
0
0
0
0
0
0
0
0
0
0
0
0
0
0
0
0
0
0
0
0
0
0
0
0
0
0
0
0
0
0
0
0
0
0
0
0
0
0
0
0
0
0
0
0
0
0
0
0
0
0
0
0
0
0
0
0
0
0
0
0
0
0
0
0
0
0
0
0
0
0
0
0
0
0
0
0
0
0
0
0
0
0
0
0
0
0
0
0
0
0
0
0
0
0
0
0
0
0
0
0
0
0
0
0
0
0
0
0
0
0
0
0
0
0
0
0
0
0
0
0
0
0
0
0
0
0
0
0
0
0
0
0
0
0
0
0
0
0
0
0
0
0
0
0
0
0
0
0
0
0
0
0
0
0
0
0
0
0
0
0
0
0
0
0
0
0
0
0
0
0
0
0
0
0
0
0
0
0
0
0
0
0
0
0
0
0
0
0
0
0
0
0
0
0
0
0
0
0
0
0
0
0
0
0
0
0
0
0
0
0
0
0
0
0
0
0
0
0
0
0
0
0
0
0
0
0
0
0
0
0
0
0
0
0
0
0
0
0
0
0
0
0
0
0
0
0
0
0
0
0
0
0
0
0
0
0
0
0
0
0
0
0
0
0
0
0
0
0
0
0
0
0
0
0
0
0
0
0
0
0
0
0
0
0
0
0
0
0
0
0
0
0
0
0
0
0
0
0
0
0
0
0
0
0
0
0
0
0
0
0
0
0
0
0
0
0
0
0
0
0
0
0
0
0
0
0
0
0
0
0
0
0
0
0
0
0
0
0
0
0
0
0
0
0
0
0
0
0
0
0
0
0
0
0
0
0
0
0
0
0
0
0
0
0
0
0
0
0
0
0
0
0
0
0
0
0
0
0
0
0
0
0
0
0
0
0
0
0
0
0
0
0
0
0
0
0
0
0
0
0
0
0
0
0
0
0
0
0
0
0
0
0
0
0
0
0
0
0
0
0
0
0
0
0
0
0
0
0
0
0
0
0
0
0
0
0
0
0
0
0
0
0
0
0
0
0
0
0
0
0
0
0
0
0
0
0
0
0
0
0
0
0
0
0
0
0
0
0
0
0
0
0
0
0
0
0
0
0
0
0
0
0
0
0
0
0
0
0
0
0
0
0
0
0
0
0
0
0
0
0
0
0
0
0
0
0
0
0
0
0
0
0
0
0
0
0
0
0
0
0
0
0
0
0
0
0
0
0
0
0
0
0
0
0
0
0
0
0
0
0
0
0
0
0
0
0
0
0
0
0
0
0
0
0
0
0
0
0
0
0
0
0
0
0
0
0
0
0
0
0
0
0
0
0
0
0
0
0
0
0
0
0
0
0
0
0
0
0
0
0
0
0
0
0
0
0
0
0
0
0
0
0
0
0
0
0
0
0
0
0
0
0
0
0
0
0
0
0
0
0
0
0
0
0
0
0
0
0
0
0
0
0
0
0
0
0
0
0
0
0
0
0
0
0
0
0
0
0
0
0
0
0
0
0
0
0
0
0
0
0
0
0
0
0
0
0
0
0
0
0
0
0
0
0
0
0
0
0
0
0
0
0
0
0
0
0
0
0
0
0
0
0
0
0
0
0
0
0
0
0
0
0
0
0
0
0
0
0
0
0
0
0
0
0
0
0
0
0
0
0
0
0
0
0
0
0
0
0
0
0
0
0
0
0
0
0
0
0
0
0
0
0
0
0
0
0
0
0
0
0
0
0
0
0
0
0
0
0
0
0
0
0
0
0
0
0
0
0
0
0
0
0
0
0
0
0
0
0
0
0
0
0
0
0
0
0
0
0
0
0
0
0
0
0
0
0
0
0
0
0
0
0
0
0
0
0
0
0
0
0
0
0
0
0
0
0
0
0
0
0
0
0
0
0
0
0
0
0
0
0
0
0
0
0
0
0
0
0
0
0
0
0
0
0
0
0
0
0
0
0
0
0
0
0
0
0
0
0
0
0
0
0
0
0
0
0
0
0
0
0
0
0
0
0
0
0
0
0
0
0
0
0
0
0
0
0
0
0
0
0
0
0
0
0
0
0
0
0
0
0
0
0
0
0
0
0
0
0
0
0
0
0
0
0
0
0
0
0
0
0
0
0
0
0
0
0
0
0
0
0
0
0
0
0
0
0
0
0
0
0
0
0
0
0
0
0
0
0
0
0
0
0
0
0
0
0
0
0
0
0
0
0
0
0
0
0
0
0
0
0
0
0
0
0
0
0
0
0
0
0
0
0
0
0
0
0
0
0
0
0
0
0
0
0
0
0
0
0
0
0
0
0
0
0
0
0
0
0
0
0
0
0
0
0
0
0
0
0
0
0
0
0
0
0
0
0
0
0
0
0
0
0
0
0
0
0
0
0
0
0
0
0
0
0
0
0
0
0
0
0
0
0
0
0
0
0
0
0
0
0
0
0
0
0
0
0
0
0
0
0
0
0
0
0
0
0
0
0
0
0
0
0
0
0
0
0
0
0
0
0
0
0
0
0
0
0
0
0
0
0
0
0
0
0
0
0
0
0
0
0
0
0
0
0
0
0
0
0
0
0
0
0
0
0
0
0
0
0
0
0
0
0
0
0
0
0
0
0
0
0
0
0
0
0
0
0
0
0
0
0
0
0
0
0
0
0
0
0
0
0
0
0
0
0
0
0
0
0
0
0
0
0
0
0
0
0
0
0
0
0
0
0
0
0
0
0
0
0
0
0
0
0
0
0
0
0
0
0
0
0
0
0
0
0
0
0
0
0
0
0
0
0
0
0
0
0
0
0
0
0
0
0
0
0
0
0
0
0
0
0
0
0
0
0
0
0
0
0
0
0
0
0
0
0
0
0
0
0
0
0
0
0
0
0
0
0
0
0
0
0
0
0
0
0
0
0
0
0
0
0
0
0
0
0
0
0
0
0
0
0
0
0
0
0
0
0
0
0
0
0
0
0
0
0
0
0
0
0
0
0
0
0
0
0
0
0
0
0
0
0
0
0
0
0
0
0
0
0
0
0
0
0
0
0
0
0
0
0
0
0
0
0
0
0
0
0
0
0
0
0
0
0
0
0
0
0
0
0
0
0
0
0
0
0
0
0
0
0
0
0
0
0
0
0
0
0
0
0
0
0
0
0
0
0
0
0
0
0
0
0
0
0
0
0
0
0
0
0
0
0
0
0
0
0
0
0
0
0
0
0
0
0
0
0
0
0
0
0
0
0
0
0
0
0
0
0
0
0
0
0
0
0
0
0
0
0
0
0
0
0
0
0
0
0
0
0
0
0
0
0
0
0
0
0
0
0
0
0
0
0
0
0
0
0
0
0
0
0
0
0
0
0
0
0
0
0
0
0
0
0
0
0
0
0
0
0
0
0
0
0
0
0
0
0
0
0
0
0
0
0
0
0
0
0
0
0
0
0
0
0
0
0
0
0
0
0
0
0
0
0
0
0
0
0
0
0
0
0
0
0
0
0
0
0
0
0
0
0
0
0
0
0
0
0
0
0
0
0
0
0
0
0
0
0
0
0
0
0
0
0
0
0
0
0
0
0
0
0
0
0
0
0
0
0
0
0
0
0
0
0
0
0
0
0
0
0
0
0
0
0
0
0
0
0
0
0
0
0
0
0
0
0
0
0
0
0
0
0
0
0
0
0
0
0
0
0
0
0
0
0
0
0
0
0
0
0
0
0
0
0
0
0
0
0
0
0
0
0
0
0
0
0
0
0
0
0
0
0
0
0
0
0
0
0
0
0
0
0
0
0
0
0
0
0
0
0
0
0
0
0
0
0
0
0
0
0
0
0
0
0
0
0
0
0
0
0
0
0
0
0
0
0
0
0
0
0
0
0
0
0
0
0
0
0
0
0
0
0
0
0
0
0
0
0
0
0
0
0
0
0
0
0
0
0
0
0
0
0
0
0
0
0
0
0
0
0
0
0
0
0
0
0
0
0
0
0
0
0
0
0
0
0
0
0
0
0
0
0
0
0
0
0
0
0
0
0
0
0
0
0
0
0
0
0
0
0
0
0
0
0
0
0
0
0
0
0
0
0
0
0
0
0
0
0
0
0
0
0
0
0
0
0
0
0
0
0
0
0
0
0
0
0
0
0
0
0
0
0
0
0
0
0
0
0
0
0
0
0
0
0
0
0
0
0
0
0
0
0
0
0
0
0
0
0
0
0
0
0
0
0
0
0
0
0
0
0
0
0
0
0
0
0
0
0
0
0
0
0
0
0
0
0
0
0
0
0
0
0
0
0
0
0
0
0
0
0
0
0
0
0
0
0
0
0
0
0
0
0
0
0
0
0
0
0
0
0
0
0
0
0
0
0
0
0
0
0
0
0
0
0
0
0
0
0
0
0
0
0
0
0
0
0
0
0
0
0
0
0
0
0
0
0
0
0
0
0
0
0
0
0
0
0
0
0
0
0
0
0
0
0
0
0
0
0
0
0
0
0
0
0
0
0
0
0
0
0
0
0
0
0
0
0
0
0
0
0
0
0
0
0
0
0
0
0
0
0
0
0
0
0
0
0
0
0
0
0
0
0
0
0
0
0
0
0
0
0
0
0
0
0
0
0
0
0
0
0
0
0
0
0
0
0
0
0
0
0
0
0
0
0
0
0
0
0
0
0
0
0
0
0
0
0
0
0
0
0
0
0
0
0
0
0
0
0
0
0
0
0
0
0
0
0
0
0
0
0
0
0
0
0
0
0
0
0
0
0
0
0
0
0
0
0
0
0
0
0
0
0
0
0
0
0
0
0
0
0
0
0
0
0
0
0
0
0
0
0
0
0
0
0
0
0
0
0
0
0
0
0
0
0
0
0
0
0
0
0
0
0
0
0
0
0
0
0
0
0
0
0
0
0
0
0
0
0
0
0
0
0
0
0
0
0
0
0
0
0
0
0
0
0
0
0
0
0
0
0
0
0
0
0
0
0
0
0
0
0
0
0
0
0
0
0
0
0
0
0
0
0
0
0
0
0
0
0
0
0
0
0
0
0
0
0
0
0
0
0
0
0
0
0
0
0
0
0
0
0
0
0
0
0
0
0
0
0
0
0
0
0
0
0
0
0
0
0
0
0
0
0
0
0
0
0
0
0
0
0
0
0
0
0
0
0
0
0
0
0
0
0
0
0
0
0
0
0
0
0
0
0
0
0
0
0
0
0
0
0
0
0
0
0
0
0
0
0
0
0
0
0
0
0
0
0
0
0
0
0
0
0
0
0
0
0
0
0
0
0
0
0
0
0
0
0
0
0
0
0
0
0
0
0
0
0
0
0
0
0
0
0
0
0
0
0
0
0
0
0
0
0
0
0
0
0
0
0
0
0
0
0
0
0
0
0
0
0
0
0
0
0
0
0
0
0
0
0
0
0
0
0
0
0
0
0
0
0
0
0
0
0
0
0
0
0
0
0
0
0
0
0
0
0
0
0
0
0
0
0
0
0
0
0
0
0
0
0
0
0
0
0
0
0
0
0
0
0
0
0
0
0
0
0
0
0
0
0
0
0
0
0
0
0
0
0
0
0
0
0
0
0
0
0
0
0
0
0
0
0
0
0
0
0
0
0
0
0
0
0
0
0
0
0
0
0
0
0
0
0
0
0
0
0
0
0
0
0
0
0
0
0
0
0
0
0
0
0
0
0
0
0
0
0
0
0
0
0
0
0
0
0
0
0
0
0
0
0
0
0
0
0
0
0
0
0
0
0
0
0
0
0
0
0
0
0
0
0
0
0
0
0
0
0
0
0
0
0
0
0
0
0
0
0
0
0
0
0
0
0
0
0
0
0
0
0
0
0
0
0
0
0
0
0
0
0
0
0
0
0
0
0
0
0
0
0
0
0
0
0
0
0
0
0
0
0
0
0
0
0
0
0
0
0
0
0
0
0
0
0
0
0
0
0
0
0
0
0
0
0
0
0
0
0
0
0
0
0
0
0
0
0
0
0
0
0
0
0
0
0
0
0
0
0
0
0
0
0
0
0
0
0
0
0
0
0
0
0
0
0
0
0
0
0
0
0
0
0
0
0
0
0
0
0
0
0
0
0
0
0
0
0
0
0
0
0
0
0
0
0
0
0
0
0
0
0
0
0
0
0
0
0
0
0
0
0
0
0
0
0
0
0
0
0
0
0
0
0
0
0
0
0
0
0
0
0
0
0
0
0
0
0
0
0
0
0
0
0
0
0
0
0
0
0
0
0
0
0
0
0
0
0
0
0
0
0
0
0
0
0
0
0
0
0
0
0
0
0
0
0
0
0
0
0
0
0
0
0
0
0
0
0
0
0
0
0
0
0
0
0
0
0
0
0
0
0
0
0
0
0
0
0
0
0
0
0
0
0
0
0
0
0
0
0
0
0
0
0
0
0
0
0
0
0
0
0
0
0
0
0
0
0
0
0
0
0
0
0
0
0
0
0
0
0
0
0
0
0
0
0
0
0
0
0
0
0
0
0
0
0
0
0
0
0
0
0
0
0
0
0
0
0
0
0
0
0
0
0
0
0
0
0
0
0
0
0
0
0
0
0
0
0
0
0
0
0
0
0
0
0
0
0
0
0
0
0
0
0
0
0
0
0
0
0
0
0
0
0
0
0
0
0
0
0
0
0
0
0
0
0
0
0
0
0
0
0
0
0
0
0
0
0
0
0
0
0
0
0
0
0
0
0
0
0
0
0
0
0
0
0
0
0
0
0
0
0
0
0
0
0
0
0
0
0
0
0
0
0
0
0
0
0
0
0
0
0
0
0
0
0
0
0
0
0
0
0
0
0
0
0
0
0
0
0
0
0
0
0
0
0
0
0
0
0
0
0
0
0
0
0
0
0
0
0
0
0
0
0
0
0
0
0
0
0
0
0
0
0
0
0
0
0
0
0
0
0
0
0
0
0
0
0
0
0
0
0
0
0
0
0
0
0
0
0
0
0
0
0
0
0
0
0
0
0
0
0
0
0
0
0
0
0
0
0
0
0
0
0
0
0
0
0
0
0
0
0
0
0
0
0
0
0
0
0
0
0
0
0
0
0
0
0
0
0
0
0
0
0
0
0
0
0
0
0
0
0
0
0
0
0
0
0
0
0
0
0
0
0
0
0
0
0
0
0
0
0
0
0
0
0
0
0
0
0
0
0
0
0
0
0
0
0
0
0
0
0
0
0
0
0
0
0
0
0
0
0
0
0
0
0
0
0
0
0
0
0
0
0
0
0
0
0
0
0
0
0
0
0
0
0
0
0
0
0
0
0
0
0
0
0
0
0
0
0
0
0
0
0
0
0
0
0
0
0
0
0
0
0
0
0
0
0
0
0
0
0
0
0
0
0
0
0
0
0
0
0
0
0
0
0
0
0
0
0
0
0
0
0
0
0
0
0
0
0
0
0
0
0
0
0
0
0
0
0
0
0
0
0
0
0
0
0
0
0
0
0
0
0
0
0
0
0
0
0
0
0
0
0
0
0
0
0
0
0
0
0
0
0
0
0
0
0
0
0
0
0
0
0
0
0
0
0
0
0
0
0
0
0
0
0
0
0
0
0
0
0
0
0
0
0
0
0
0
0
0
0
0
0
0
0
0
0
0
0
0
0
0
0
0
0
0
0
0
0
0
0
0
0
0
0
0
0
0
0
0
0
0
0
0
0
0
0
0
0
0
0
0
0
0
0
0
0
0
0
0
0
0
0
0
0
0
0
0
0
0
0
0
0
0
0
0
0
0
0
0
0
0
0
0
0
0
0
0
0
0
0
0
0
0
0
0
0
0
0
0
0
0
0
0
0
0
0
0
0
0
0
0
0
0
0
0
0
0
0
0
0
0
0
0
0
0
0
0
0
0
0
0
0
0
0
0
0
0
0
0
0
0
0
0
0
0
0
0
0
0
0
0
0
0
0
0
0
0
0
0
0
0
0
0
0
0
0
0
0
0
0
0
0
0
0
0
0
0
0
0
0
0
0
0
0
0
0
0
0
0
0
0
0
0
0
0
0
0
0
0
0
0
0
0
0
0
0
0
0
0
0
0
0
0
0
0
0
0
0
0
0
0
0
0
0
0
0
0
0
0
0
0
0
0
0
0
0
0
0
0
0
0
0
0
0
0
0
0
0
0
0
0
0
0
0
0
0
0
0
0
0
0
0
0
0
0
0
0
0
0
0
0
0
0
0
0
0
0
0
0
0
0
0
0
0
0
0
0
0
0
0
0
0
0
0
0
0
0
0
0
0
0
0
0
0
0
0
0
0
0
0
0
0
0
0
0
0
0
0
0
0
0
0
0
0
0
0
0
0
0
0
0
0
0
0
0
0
0
0
0
0
0
0
0
0
0
0
0
0
0
0
0
0
0
0
0
0
0
0
0
0
0
0
0
0
0
0
0
0
0
0
0
0
0
0
0
0
0
0
0
0
0
0
0
0
0
0
0
0
0
0
0
0
0
0
0
0
0
0
0
0
0
0
0
0
0
0
0
0
0
0
0
0
0
0
0
0
0
0
0
0
0
0
0
0
0
0
0
0
0
0
0
0
0
0
0
0
0
0
0
0
0
0
0
0
0
0
0
0
0
0
0
0
0
0
0
0
0
0
0
0
0
0
0
0
0
0
0
0
0
0
0
0
0
0
0
0
0
0
0
0
0
0
0
0
0
0
0
0
0
0
0
0
0
0
0
0
0
0
0
0
0
0
0
0
0
0
0
0
0
0
0
0
0
0
0
0
0
0
0
0
0
0
0
0
0
0
0
0
0
0
0
0
0
0
0
0
0
0
0
0
0
0
0
0
0
0
0
0
0
0
0
0
0
0
0
0
0
0
0
0
0
0
0
0
0
0
0
0
0
0
0
0
0
0
0
0
0
0
0
0
0
0
0
0
0
0
0
0
0
0
0
0
0
0
0
0
0
0
0
0
0
0
0
0
0
0
0
0
0
0
0
0
0
0
0
0
0
0
0
0
0
0
0
0
0
0
0
0
0
0
0
0
0
0
0
0
0
0
0
0
0
0
0
0
0
0
0
0
0
0
0
0
0
0
0
0
0
0
0
0
0
0
0
0
0
0
0
0
0
0
0
0
0
0
0
0
0
0
0
0
0
0
0
0
0
0
0
0
0
0
0
0
0
0
0
0
0
0
0
0
0
0
0
0
0
0
0
0
0
0
0
0
0
0
0
0
0
0
0
0
0
0
0
0
0
0
0
0
0
0
0
0
0
0
0
0
0
0
0
0
0
0
0
0
0
0
0
0
0
0
0
0
0
0
0
0
0
0
0
0
0
0
0
0
0
0
0
0
0
0
0
0
0
0
0
0
0
0
0
0
0
0
0
0
0
0
0
0
0
0
0
0
0
0
0
0
0
0
0
0
0
0
0
0
0
0
0
0
0
0
0
0
0
0
0
0
0
0
0
0
0
0
0
0
0
0
0
0
0
0
0
0
0
0
0
0
0
0
0
0
0
0
0
0
0
0
0
0
0
0
0
0
0
0
0
0
0
0
0
0
0
0
0
0
0
0
0
0
0
0
0
0
0
0
0
0
0
0
0
0
0
0
0
0
0
0
0
0
0
0
0
0
0
0
0
0
0
0
0
0
0
0
0
0
0
0
0
0
0
0
0
0
0
0
0
0
0
0
0
0
0
0
0
0
0
0
0
0
0
0
0
0
0
0
0
0
0
0
0
0
0
0
0
0
0
0
0
0
0
0
0
0
0
0
0
0
0
0
0
0
0
0
0
0
0
0
0
0
0
0
0
0
0
0
0
0
0
0
0
0
0
0
0
0
0
0
0
0
0
0
0
0
0
0
0
0
0
0
0
0
0
0
0
0
0
0
0
0
0
0
0
0
0
0
0
0
0
0
0
0
0
0
0
0
0
0
0
0
0
0
0
0
0
0
0
0
0
0
0
0
0
0
0
0
0
0
0
0
0
0
0
0
0
0
0
0
0
0
0
0
0
0
0
0
0
0
0
0
0
0
0
0
0
0
0
0
0
0
0
0
0
0
0
0
0
0
0
0
0
0
0
0
0
0
0
0
0
0
0
0
0
0
0
0
0
0
0
0
0
0
0
0
0
0
0
0
0
0
0
0
0
0
0
0
0
0
0
0
0
0
0
0
0
0
0
0
0
0
0
0
0
0
0
0
0
0
0
0
0
0
0
0
0
0
0
0
0
0
0
0
0
0
0
0
0
0
0
0
0
0
0
0
0
0
0
0
0
0
0
0
0
0
0
0
0
0
0
0
0
0
0
0
0
0
0
0
0
0
0
0
0
0
0
0
0
0
0
0
0
0
0
0
0
0
0
0
0
0
0
0
0
0
0
0
0
0
0
0
0
0
0
0
0
0
0
0
0
0
0
0
0
0
0
0
0
0
0
0
0
0
0
0
0
0
0
0
0
0
0
0
0
0
0
0
0
0
0
0
0
0
0
0
0
0
0
0
0
0
0
0
0
0
0
0
0
0
0
0
0
0
0
0
0
0
0
0
0
0
0
0
0
0
0
0
0
0
0
0
0
0
0
0
0
0
0
0
0
0
0
0
0
0
0
0
0
0
0
0
0
0
0
0
0
0
0
0
0
0
0
0
0
0
0
0
0
0
0
0
0
0
0
0
0
0
0
0
0
0
0
0
0
0
0
0
0
0
0
0
0
0
0
0
0
0
0
0
0
0
0
0
0
0
0
0
0
0
0
0
0
0
0
0
0
0
0
0
0
0
0
0
0
0
0
0
0
0
0
0
0
0
0
0
0
0
0
0
0
0
0
0
0
0
0
0
0
0
0
0
0
0
0
0
0
0
0
0
0
0
0
0
0
0
0
0
0
0
0
0
0
0
0
0
0
0
0
0
0
0
0
0
0
0
0
0
0
0
0
0
0
0
0
0
0
0
0
0
0
0
0
0
0
0
0
0
0
0
0
0
0
0
0
0
0
0
0
0
0
0
0
0
0
0
0
0
0
0
0
0
0
0
0
0
0
0
0
0
0
0
0
0
0
0
0
0
0
0
0
0
0
0
0
0
0
0
0
0
0
0
0
0
0
0
0
0
0
0
0
0
0
0
0
0
0
0
0
0
0
0
0
0
0
0
0
0
0
0
0
0
0
0
0
0
0
0
0
0
0
0
0
0
0
0
0
0
0
0
0
0
0
0
0
0
0
0
0
0
0
0
0
0
0
0
0
0
0
0
0
0
0
0
0
0
0
0
0
0
0
0
0
0
0
0
0
0
0
0
0
0


