       0
       0
       0
       0
       0
       0
       0
       0
       0
       0
       0
       0
       0
       0
       0
       0
       0
       0
       0
       0
       0
       0
       0
       0
       0
       0
       0
       0
       0
       0
       0
       0
       0
       0
       0
       0
       0
       0
       0
       0
       0
       0
       0
       1
      37
    1565
  104759
  795683
  289863
  277895
  339411
  434804
  553032
  655110
  715577
  725885
  690339
  641952
  603864
  576524
  565434
  564407
  568856
  564558
  565761
  563309
  560665
  556004
  547140
  539809
  533589
  525433
  520102
  515133
  515024
  544685
  488969
  482392
  474158
  468957
  463864
  455100
  449581
  443162
  458486
  428982
  420591
  417960
  410743
  406235
  400903
  394962
  389154
  381977
  377218
  391642
  656950
  434460
  346326
  325619
  321213
  315194
  310779
  306487
  304213
  293733
  288658
  283931
  294813
  297649
  273439
  277159
  270664
  257701
  253385
  251495
  248101
  243076
  306113
  372734
  236434
  239624
  219563
  216095
  214021
  210462
  208479
  205818
  202619
  201399
  200696
  199374
  214304
  193605
  190898
  191304
  266465
  183546
  176505
  174038
  174779
  448155
  303414
  157514
  155146
  152446
  151850
  150076
  148972
  147455
  145367
  144917
  143233
  140990
  140696
  140978
  142427
  137593
  135333
  134164
  132799
  134462
  132158
  132006
  136028
  132736
  124100
  123579
  123072
  121827
  120763
  120049
  117727
  115334
  113808
  112609
  113824
  111412
  109867
  108768
  107166
  106762
  108770
  106723
  103592
  106748
  135847
  100513
  100007
   99493
   98686
   97783
   98562
   99458
   94104
   96376
   95636
   92444
   91775
   90934
   90393
   89307
   90231
   89284
  108141
  214738
  116996
   86627
   83793
   83438
   83484
   82082
   81124
   80870
   82862
   80690
   80323
   79264
   79767
   79732
   78638
   77460
   76905
   76402
   75689
   76461
   80761
   74657
   74000
   75630
   75185
   72681
   72837
   85421
  295843
   87155
   68056
   68049
   67273
   67080
   66695
   66790
   65927
   66784
  333731
  357893
   59127
   59197
   58299
   57998
   57578
   57012
   56769
   57234
   57224
   55918
   56118
   55763
   55504
   54947
   55058
   55482
   54175
   54202
   53892
   63607
   63489
   70466
   53797
   53046
   52399
   52852
   52088
   51947
   51781
   51473
   51896
   50993
   50453
   51046
   51366
   51666
   56825
   51785
   51158
   50229
   49012
   48415
   49465
   52032
   48763
   61250
   93183
   47291
   46795
   46056
   46373
   46553
   47826
   45892
   45701
   45506
   46706
   51874
   44836
   44145
   48726
   49317
   93721
   57641
   52489
   42657
   41899
   42758
   45344
   59927
   50621
   43245
   45862
   70280
   40649
   39939
   39632
   50059
   44447
   38615
   39025
   39145
   38701
   39710
   39228
   39238
   38935
   42567
   40231
   49104
   44034
   47519
   38049
   36831
   37305
   37004
   36742
   36594
   38323
   67354
   41601
   35973
   36020
   36019
   36124
   35941
   35652
   35853
   36060
   35251
   35605
   35311
   37786
   35992
   35456
   35068
   37781
   39111
   37018
  168211
  121305
   33113
   32956
   32868
   32736
   32461
   32919
   32532
   50379
   55283
   31881
   31862
   32253
   32590
   34714
   38177
   33383
   31128
   33111
   32441
   40331
   68730
   95839
  103579
   30216
   30236
   29783
   30042
   30839
   29675
   30541
   29931
   29559
   29453
   29719
   36519
   33497
   29175
   29176
   29193
   29280
   29214
   29208
   29123
   29046
   28909
   28810
   28829
   30692
   28869
   28708
   29133
   28865
   28922
   28412
   29598
   32024
   28587
   28177
   28576
   28675
   29133
   29417
   31547
   28783
   28581
   30971
   30668
   28244
   28284
   28257
   28188
   28485
   29544
   28880
   28333
   29416
   29662
   28476
   30476
   29048
   28655
   42638
  187646
   59688
   27957
   28099
   28288
   29728
   29558
   28145
   27713
   28163
   28187
   28432
   28752
   30581
   46075
   31759
   28578
   28494
   29047
   29031
   28331
   29353
   29066
   28980
   29014
   29742
   29294
   29064
   29285
   29364
   29455
   29294
   29680
   29727
   30245
   34509
   30818
   29874
   30303
   30878
   30531
   30393
   30631
   30684
   30716
   30701
   33602
   84296
   53128
   28074
   28111
   28639
   25877
   26916
   25827
   23981
   23460
   23313
   22917
   22714
   22562
   22671
   23164
   22584
   33193
   30400
   21791
   21887
   20582
   20547
   20330
   19804
   19837
   20379
   20215
   19227
   19409
   19042
   18750
   18779
   18008
   17438
   17500
   17488
   17274
   16981
   16803
   16753
   16109
   16011
   15650
   15660
   15456
   15093
   15063
   15095
   14617
   14753
   14356
   14334
   14022
   14077
   18437
   54033
   24906
   14003
   21276
   15863
   13305
   13000
   13315
   13200
   19307
   24746
   15152
   34601
   22784
   12623
   12724
   12447
   12291
   12259
   12656
   12295
   12232
   12741
   21731
   18456
   12084
   11902
   11780
   12009
   12020
   12363
   13615
   61241
  845947
  659209
   18158
    7763
    8104
    7669
    7650
    7972
    8187
    7792
    7461
    7633
    7636
    7859
   11428
   11161
    8835
   10320
    8098
   15147
   28181
   11070
    8260
    7480
    7288
    7355
    7302
    7503
    7518
    7333
    7493
   10025
   10515
    9155
    8704
    6568
    6620
    6453
    6780
    7293
    6687
    6200
    6277
    6078
    6186
    6417
    6319
    6364
    9496
   13207
   11772
   21069
   17400
   11707
   10418
    7506
    8998
    6202
    5681
    6118
    5845
    5520
    5543
    6009
   12285
   11308
    6907
    6295
   12940
   10588
    5209
    7086
    6677
    4831
    4780
    4768
    4715
    4645
    4898
    5324
    9962
   13558
    5685
    5558
    4527
    4535
    4372
    4775
    4895
    5223
    6810
    5020
    4709
    6166
    5854
    4454
    4267
    4675
    4382
    4198
    4232
    4310
    4193
    4195
    4167
    4163
    4559
   10053
   31811
   10427
    4044
    4236
    4174
    4089
    4077
    3999
    3971
    4060
    4105
    4326
    5938
   40650
  152926
   35575
    3689
    3436
    3358
    3480
    3516
    3584
    3571
    3475
    3471
    3375
    3504
    3346
    3464
    3489
    3755
    3979
    3583
    3507
    3590
    3459
    3423
    3693
    3551
    3416
    3511
    3630
    3759
    5621
    5821
    3896
    6331
   21695
   10956
    3558
    3381
    3432
    3426
    3381
    3537
    3437
    3674
    5051
    4815
    3546
    3437
    3484
    3526
    4124
    4248
    3961
    4308
    4827
    4024
    3496
    3513
    3506
    3403
    3471
    3435
    3391
    3458
    3556
    3515
    3497
    3584
    3491
    4150
    4637
    3723
    3466
    3402
    3446
    3536
    3781
    3609
    3418
    3434
    3425
    3590
    3393
    3450
    3317
    3270
    3201
    3249
    3157
    3092
    3097
    3153
    3179
    3120
    3082
    3053
    3262
    3137
    3163
    3334
    3497
    3147
    3070
    3022
    3162
    3120
    2972
    2996
    2997
    2998
    3027
    3045
    2942
    3040
    2944
    3025
    3413
    3441
    2958
    2947
    2970
    2976
    2973
    2903
    2901
    2892
    2853
    2915
    2867
    2825
    2974
    3199
    3019
    2786
    3027
    4217
   13157
   17293
    6248
    3887
    3371
    3592
    8576
   12213
    4054
    2879
    2945
    2867
    2933
    2985
    2995
    2925
    2941
    2906
    3055
    3016
    2913
    2932
    2990
    2915
    2977
    3051
    2883
    3008
    3020
    2968
    2994
    2906
    2992
    3053
    2985
    3100
    3357
    3169
    3133
    4464
   18175
   45393
   13713
    3073
    2921
    2981
    2871
    2970
    2914
    3152
    3090
    2877
    2923
    2947
    3001
    3100
    3061
    2933
    3008
    3138
    2920
    2944
    2986
    3170
    3178
    3205
    3254
    3079
    3084
    3242
    3165
    3169
    3105
    3207
    3234
    3438
    4869
    5520
    3537
    3208
    3250
    3294
    3195
    3270
    3383
    3343
    3377
    3276
    3364
    3368
    3371
    3528
    3609
    3446
    3462
    3487
    3425
    3465
    3484
    3460
    3450
    3630
    3539
    3720
    3653
    3600
    3602
    3736
    3689
    3684
    3717
    3422
    3285
    3011
    2866
    2878
    2751
    2787
    2653
    2672
    2693
    2631
    2575
    2592
    2514
    2535
    2503
    2441
    2468
    2397
    2342
    2312
    2321
    2276
    2237
    2262
    2462
    3858
   12491
   10987
    2694
    1943
    1984
    1889
    1807
    1802
    1756
    1783
    1597
    1629
    1598
    1555
    1475
    1406
    1355
    1395
    1294
    1270
    1278
    1185
    1193
    1125
    1082
    1052
    1021
     912
     921
     885
     889
     896
     891
     800
     827
     838
     779
     767
     780
     776
     801
     786
     774
     744
     740
     668
     725
     702
     704
     720
     739
     691
     628
     676
     664
     690
     633
     652
     618
     635
     605
     620
     630
     760
    1393
    5859
   42044
  161894
   87369
    5608
     242
     195
     219
     158
     199
     181
     182
     148
     181
     156
     163
     144
     179
     152
     134
     160
     142
     180
     144
     156
     135
     143
     164
     147
     123
     173
     130
     150
     191
     394
     277
     191
     164
     164
     139
     126
     131
     143
     138
     137
     139
     125
     140
     141
     141
     130
     130
     144
     135
     138
     131
     141
     125
     106
     133
     129
     144
     131
     165
     338
     247
     125
     143
     107
     146
     152
     164
     143
     125
     144
     119
     129
     129
     132
     130
     132
     119
     128
     136
     117
     132
     133
     141
     117
     155
     125
     128
     111
     115
     124
     110
     121
     103
     113
     131
     135
     120
     116
     132
     133
     128
     138
     124
     188
     189
     119
     120
     122
     125
     166
     117
     119
     117
     103
     114
     107
     112
     100
     113
     129
     187
     177
     132
     127
     107
     109
     103
      96
     107
      99
     102
     114
     105
     101
     104
     117
     102
     124
     113
      92
     111
     107
     153
     201
     114
     114
     105
     100
     126
     116
     132
     167
     147
     119
     103
     114
     112
     115
      96
     118
     109
      93
      99
     104
     102
     111
      93
      90
     101
      99
     108
     121
     161
     242
     168
     114
     105
      89
     105
      88
      87
      92
      98
     107
     134
     123
      95
     121
     102
      94
      84
     102
      90
     113
      95
     101
      96
     101
      97
      79
     101
     101
      91
      78
     102
      95
      83
     109
      99
     103
     107
     103
      87
     105
      94
      97
      93
     107
      94
      93
      84
      97
      86
      80
     113
     111
     108
     111
      78
      92
     111
      98
      96
      95
     113
      98
     120
      98
      92
      94
      67
      91
      98
      92
     102
      87
     101
      78
      93
      95
      87
     108
      88
     100
      76
     102
     101
     101
      95
     105
      86
      78
      86
      86
      81
      92
      91
     106
      96
     108
     104
      99
      94
     106
      79
     103
      83
      96
      74
      92
      83
      75
      74
      90
      93
      75
      69
      83
      92
      86
     101
      75
      90
      89
     102
      93
      90
      90
      77
     103
      84
     100
      78
      99
      83
      89
      86
      90
      90
      94
      93
      78
     114
      81
     110
      80
      90
      85
      87
      85
      99
      78
      89
      96
      75
      83
      85
      89
      77
      87
      88
      84
      84
      98
      95
      94
      87
     100
      84
      97
      90
      72
      91
      89
      86
      98
      85
      90
      87
      87
      95
      95
      94
      91
      75
      62
      87
      77
      92
      85
      76
      82
      93
      85
      76
      78
      74
      94
      87
      83
      85
      69
      80
      89
      76
      84
      70
      94
      79
      87
      84
      93
      84
      87
      87
      93
      82
      78
      94
      88
      88
      80
      78
      75
      80
      77
      87
      84
      84
      91
     101
      85
      98
      73
      76
      86
      83
      74
      97
      75
      81
      65
      80
      78
      81
      75
      75
      55
      84
      81
      67
      56
      97
      70
      93
      64
      84
      55
      85
      60
      84
      83
      70
      94
      71
      77
      77
      83
      74
      81
      84
      77
      67
      71
      74
      72
      80
      99
      86
      76
      73
      74
      70
      73
      76
      83
      82
      73
      74
      78
      73
      80
      97
      74
      84
      82
      87
      75
      68
      83
      77
      80
      73
      76
      94
      89
      78
      74
      63
      98
      67
      78
      81
      80
      77
      76
      69
      61
      77
      89
      90
      94
      79
      82
      79
      55
      74
      62
      81
      78
      61
      73
      68
      72
      74
      88
      75
      76
      80
      65
      78
      75
      83
      81
      81
      98
      69
      83
      65
      75
      87
      78
      84
      71
      90
      73
      74
      63
      75
      85
      76
      83
      71
      79
      76
      83
      69
      73
      62
      60
      65
      76
      72
      76
      63
      66
      94
      76
      72
      95
      71
      74
      71
      69
      75
      76
     102
      86
      76
      52
      71
      67
      87
      76
      71
      78
      74
      95
      73
      68
      85
      68
      95
      76
      73
      80
      72
      83
      80
      89
      79
      75
      69
      67
      77
      70
      56
      86
      73
      65
      71
      66
      77
      71
      68
      83
      60
      72
      63
      82
      70
      59
      59
      85
      94
      74
      69
      75
      53
      84
      76
      62
      74
      82
      60
      54
      54
      70
      62
      76
      76
      56
      75
      64
      71
      74
      78
      48
      76
      74
      70
      76
      85
      69
      72
      71
      62
      70
      67
      82
      73
      66
      66
      66
      65
      71
      65
      74
      73
      78
      80
      80
      71
      80
      71
      77
      69
      63
      72
      64
      75
      66
      71
      77
      73
      72
      71
      55
      70
      75
      57
      52
      75
      67
      63
      79
      74
      83
      64
      61
      58
      65
      68
      65
      58
      72
      66
      73
      58
      74
      68
      58
      73
      61
      60
      67
      54
      67
      73
      70
      78
      87
      72
      58
      57
      70
      67
      56
      76
      64
      58
      75
      61
      66
      61
      75
      49
      64
      68
      72
      57
      73
      63
      73
      83
      65
      84
      59
      69
      75
      72
      70
      73
      67
      57
      73
      72
      62
      62
      75
      41
      62
      65
      74
      74
      51
      73
      64
      77
      62
      64
      69
      58
      58
      81
      81
      72
      78
      73
      61
      72
      74
      72
      75
      59
      72
      55
      63
      70
      66
      53
      61
      69
      65
      76
      58
      78
      76
      70
      50
      50
      57
      63
      83
      74
      74
      64
      56
      74
      55
      50
      60
      59
      76
      66
      61
      61
      67
      55
      65
      52
      70
      58
      67
      52
      68
      62
      66
      70
      70
      71
      59
      76
      68
      51
      78
      80
      76
      68
      59
      59
      60
      73
      48
      57
      59
      65
      60
      66
      87
      69
      52
      58
      51
      69
      74
      65
      48
      52
      62
      63
      61
      54
      66
      64
      62
      82
      58
      71
      69
      66
      67
      64
      56
      64
      42
      81
      65
      66
      62
      66
      49
      49
      60
      57
      65
      71
      63
      64
      71
      56
      60
      74
      71
      55
      55
      54
      71
      77
      54
      43
      64
      50
      64
      67
      60
      62
      56
      64
      67
      52
      73
      53
      71
      56
      54
      51
      62
      63
      53
      68
      63
      69
      38
      66
      52
      69
      64
      69
      69
      65
      53
      68
      57
      71
      56
      58
      49
      54
      61
      65
      53
      62
      64
      62
      67
      61
      70
      71
      77
      61
      61
      66
      57
      57
      50
      66
      59
      48
      52
      52
      55
      64
      60
      58
      55
      61
      68
      72
      53
      63
      72
      56
      68
      78
      66
      67
      55
      52
      66
      61
      70
      55
      67
      67
      62
      57
      52
      49
      51
      53
      57
      64
      59
      64
      49
      66
      61
      60
      55
      66
      57
      60
      54
      75
      54
      65
      68
      72
      59
      43
      59
      61
      61
      75
      70
      45
      59
      61
      73
      60
      53
      74
      54
      75
      61
      60
      69
      59
      66
      46
      55
      69
      50
      59
      42
      68
      58
      56
      65
      59
      63
      56
      44
      53
      47
      63
      50
      71
      51
      47
      46
      42
      58
      55
      57
      53
      53
      48
      58
      65
      44
      68
      64
      52
      56
      58
      60
      65
      57
      55
      48
      64
      55
      54
      48
      55
      51
      67
      65
      60
      64
      52
      52
      57
      67
      61
      52
      62
      74
      57
      57
      55
      44
      58
      50
      57
      45
      58
      39
      58
      60
      54
      45
      53
      57
      57
      63
      58
      49
      51
      66
      49
      42
      60
      49
      62
      54
      57
      64
      59
      60
      56
      57
      52
      49
      48
      59
      63
      49
      51
      51
      58
      59
      63
      71
      64
      69
      54
      46
      70
      51
      49
      52
      67
      51
      44
      53
      49
      57
      47
      44
      68
      62
      63
      53
      58
      42
      55
      68
      60
      50
      50
      49
      55
      55
      53
      62
      47
      47
      53
      52
      60
      69
      52
      59
      65
      51
      57
      44
      52
      54
      50
      60
      48
      53
      59
      67
      48
      49
      52
      55
      55
      53
      59
      57
      48
      43
      58
      55
      70
      64
      52
      53
      50
      58
      50
      45
      58
      55
      44
      64
      52
      56
      56
      52
      46
      51
      56
      65
      81
      54
      48
      56
      47
      41
      58
      40
      60
      48
      47
      53
      62
      39
      48
      49
      38
      54
      62
      46
      46
      65
      48
      56
      59
      47
      55
      51
      56
      65
      55
      41
      61
      53
      35
      52
      62
      53
      46
      57
      42
      53
      52
      66
      54
      51
      53
      43
      54
      61
      53
      52
      60
      66
      50
      46
      55
      43
      33
      58
      51
      48
      54
      51
      65
      53
      50
      47
      63
      46
      48
      51
      55
      60
      58
      51
      60
      55
      44
      59
      41
      50
      50
      52
      51
      52
      41
      61
      52
      47
      47
      56
      45
      46
      56
      65
      48
      68
      61
      49
      47
      34
      54
      52
      54
      61
      51
      52
      46
      40
      51
      65
      49
      54
      54
      51
      57
      50
      57
      46
      64
      62
      50
      44
      45
      54
      49
      46
      50
      46
      47
      51
      47
      47
      44
      58
      51
      44
      57
      41
      45
      39
      45
      39
      40
      50
      60
      37
      47
      45
      56
      51
      50
      59
      42
      62
      41
      53
      60
      50
      48
      53
      45
      57
      54
      47
      49
      61
      42
      62
      42
      43
      46
      46
      44
      55
      54
      60
      41
      49
      66
      52
      53
      51
      62
      48
      48
      50
      51
      42
      58
      42
      48
      56
      60
      50
      52
      52
      54
      57
      51
      48
      51
      51
      57
      45
      38
      60
      55
      39
      46
      45
      47
      46
      50
      59
      42
      47
      53
      53
      51
      51
      49
      43
      37
      53
      50
      49
      38
      41
      57
      57
      47
      59
      56
      42
      54
      48
      34
      53
      56
      46
      41
      39
      35
      49
      53
      39
      66
      45
      45
      40
      48
      46
      52
      41
      45
      33
      36
      37
      51
      35
      51
      56
      60
      47
      48
      52
      44
      53
      43
      41
      48
      43
      46
      54
      50
      56
      46
      45
      46
      49
      46
      53
      56
      48
      50
      47
      42
      45
      40
      57
      57
      51
      60
      44
      42
      52
      33
      45
      46
      54
      55
      49
      38
      33
      46
      46
      48
      62
      47
      51
      51
      50
      45
      46
      45
      42
      47
      55
      52
      68
      59
      59
      49
      62
      39
      41
      37
      50
      33
      43
      45
      53
      41
      39
      45
      47
      44
      56
      44
      44
      51
      47
      44
      37
      42
      45
      41
      43
      47
      43
      45
      45
      61
      42
      51
      50
      40
      41
      37
      42
      48
      39
      56
      33
      48
      46
      44
      40
      47
      48
      39
      54
      50
      39
      41
      56
      42
      40
      49
      44
      42
      37
      42
      37
      49
      58
      39
      38
      51
      40
      49
      34
      47
      52
      47
      44
      44
      46
      47
      49
      44
      50
      36
      50
      47
      38
      38
      56
      45
      51
      52
      44
      48
      39
      37
      37
      49
      35
      50
      45
      48
      44
      41
      45
      48
      51
      44
      45
      48
      50
      46
      40
      49
      48
      38
      44
      48
      44
      42
      38
      44
      50
      53
      36
      44
      43
      40
      49
      27
      43
      50
      39
      38
      42
      46
      46
      54
      65
      49
      39
      33
      49
      48
      52
      47
      38
      39
      58
      48
      48
      48
      45
      45
      44
      43
      36
      46
      54
      39
      52
      43
      40
      37
      48
      49
      46
      53
      45
      50
      48
      49
      42
      34
      51
      41
      35
      46
      51
      32
      37
      41
      42
      47
      40
      53
      44
      46
      40
      47
      47
      46
      38
      45
      49
      34
      34
      47
      43
      56
      60
      43
      34
      42
      47
      44
      35
      54
      32
      33
      44
      39
      36
      47
      60
      53
      44
      43
      49
      49
      33
      44
      35
      49
      35
      44
      46
      54
      48
      37
      44
      54
      45
      40
      48
      36
      57
      42
      53
      51
      40
      41
      33
      40
      55
      44
      37
      52
      48
      41
      47
      52
      45
      53
      33
      50
      46
      36
      42
      43
      57
      38
      28
      42
      52
      53
      40
      34
      40
      42
      47
      46
      51
      36
      38
      44
      36
      52
      50
      49
      52
      51
      41
      43
      53
      52
      45
      34
      41
      30
      39
      50
      44
      42
      47
      40
      48
      51
      40
      48
      44
      52
      56
      43
      31
      39
      34
      39
      39
      42
      41
      43
      42
      46
      38
      52
      32
      47
      38
      33
      52
      49
      39
      47
      46
      38
      38
      44
      37
      40
      44
      38
      33
      46
      43
      48
      45
      50
      39
      45
      45
      43
      52
      45
      49
      24
      44
      32
      46
      32
      46
      54
      40
      51
      35
      52
      39
      36
      41
      40
      41
      40
      49
      45
      36
      39
      43
      33
      36
      32
      47
      46
      42
      27
      37
      43
      45
      38
      32
      33
      42
      45
      38
      47
      40
      40
      38
      51
      32
      39
      39
      44
      44
      52
      54
      48
      39
      47
      44
      54
      33
      45
      40
      36
      27
      41
      43
      61
      38
      42
      39
      37
      50
      39
      44
      35
      32
      36
      44
      43
      28
      40
      37
      38
      35
      66
      35
      36
      39
      34
      41
      36
      37
      30
      29
      35
      46
      37
      33
      35
      38
      34
      41
      51
      29
      28
      34
      29
      37
      38
      29
      24
      39
      38
      30
      34
      45
      41
      49
      36
      35
      36
      32
      30
      37
      43
      38
      39
      42
      47
      40
      39
      36
      48
      29
      39
      41
      35
      41
      31
      45
      46
      41
      48
      45
      44
      45
      47
      38
      67
      62
      43
      40
      38
      29
      45
      40
      39
      26
      20
      40
      49
      37
      45
      39
      45
      47
      36
      44
      43
      47
      31
      39
      38
      38
      37
      45
      35
      48
      34
      37
      33
      38
      31
      38
      34
      39
      33
      33
      34
      39
      29
      29
      30
      33
      40
      37
      26
      34
      42
      28
      32
      39
      40
      34
      25
      42
      31
      36
      31
      44
      35
      37
      29
      27
      36
      30
      26
      41
      42
      53
      43
      30
      38
      36
      35
      39
      30
      35
      38
      32
      44
      36
      39
      27
      36
      43
      26
      35
      42
      36
      43
      29
      25
      39
      27
      38
      40
      30
      41
      36
      43
      38
      36
      34
      43
      54
      50
      50
      33
      36
      28
      30
      35
      32
      33
      37
      27
      32
      30
      35
      41
      35
      45
      30
      32
      46
      32
      44
      26
      27
      33
      43
      41
      35
      28
      34
      37
      33
      33
      38
      47
      32
      37
      23
      46
      35
      48
      41
      33
      35
      40
      36
      37
      26
      40
      24
      31
      32
      30
      36
      35
      32
      34
      34
      21
      29
      42
      27
      29
      32
      35
      27
      41
      28
      26
      36
      35
      38
      31
      35
      36
      43
      29
      31
      41
      32
      33
      51
      32
      35
      32
      23
      32
      38
      42
      27
      41
      31
      41
      45
      39
      32
      39
      41
      37
      27
      23
      36
      37
      46
      33
      32
      32
      26
      34
      31
      28
      25
      35
      43
      39
      34
      40
      36
      31
      30
      34
      30
      26
      40
      42
      29
      42
      49
      31
      42
      40
      33
      26
      21
      41
      29
      42
      25
      34
      32
      31
      22
      33
      30
      33
      29
      28
      36
      28
      36
      38
      30
      26
      34
      37
      36
      33
      38
      32
      35
      39
      49
      33
      33
      41
      38
      34
      28
      42
      29
      45
      27
      33
      32
      43
      26
      32
      29
      32
      24
      29
      37
      26
      25
      29
      35
      35
      32
      40
      36
      24
      28
      27
      30
      25
      41
      38
      43
      27
      36
      36
      34
      40
      36
      28
      40
      34
      27
      27
      25
      34
      34
      37
      32
      42
      39
      41
      28
      26
      28
      36
      37
      36
      25
      33
      34
      44
      23
      37
      42
      34
      36
      41
      25
      34
      37
      37
      34
      26
      31
      35
      36
      28
      29
      35
      38
      44
      39
      34
      38
      36
      41
      32
      32
      35
      35
      40
      31
      36
      44
      31
      22
      38
      27
      42
      37
      36
      39
      30
      30
      29
      36
      33
      43
      33
      29
      43
      28
      36
      27
      42
      31
      31
      38
      38
      33
      30
      33
      36
      32
      33
      29
      38
      29
      28
      27
      41
      30
      38
      30
      29
      36
      24
      28
      25
      36
      32
      29
      26
      26
      40
      41
      33
      30
      33
      41
      28
      33
      39
      23
      30
      29
      39
      45
      31
      37
      27
      40
      33
      37
      31
      33
      25
      35
      30
      31
      32
      32
      23
      34
      35
      33
      33
      35
      31
      34
      33
      32
      44
      33
      41
      35
      32
      36
      33
      32
      33
      35
      44
      40
      33
      23
      38
      34
      35
      33
      27
      28
      24
      24
      31
      40
      29
      32
      35
      33
      32
      37
      33
      29
      36
      30
      25
      33
      28
      43
      38
      37
      28
      40
      33
      32
      28
      34
      23
      36
      38
      30
      36
      34
      26
      31
      29
      34
      28
      43
      27
      30
      31
      30
      31
      38
      28
      25
      35
      40
      35
      33
      27
      33
      21
      34
      32
      33
      34
      29
      35
      36
      24
      34
      31
      24
      37
      32
      34
      26
      28
      23
      34
      36
      44
      27
      34
      35
      32
      19
      34
      41
      30
      41
      37
      25
      35
      33
      37
      42
      28
      26
      29
      27
      26
      15
      24
      34
      37
      29
      27
      30
      22
      34
      37
      24
      30
      37
      28
      32
      43
      31
      22
      36
      30
      25
      25
      30
      22
      25
      35
      37
      25
      31
      37
      28
      31
      39
      36
      35
      28
      27
      31
      33
      30
      35
      34
      34
      26
      27
      40
      30
      34
      26
      35
      37
      35
      31
      24
      27
      31
      32
      29
      28
      18
      44
      36
      30
      23
      37
      29
      32
      28
      35
      34
      25
      30
      31
      28
      29
      33
      31
      33
      33
      44
      31
      41
      30
      19
      28
      32
      36
      36
      25
      31
      37
      35
      29
      33
      34
      33
      42
      33
      24
      26
      34
      43
      36
      36
      33
      28
      23
      30
      21
      33
      34
      28
      31
      26
      37
      24
      32
      32
      38
      30
      29
      36
      42
      28
      24
      29
      34
      27
      27
      32
      29
      44
      31
      39
      30
      24
      29
      20
      28
      34
      31
      32
      34
      40
      18
      31
      29
      27
      32
      35
      33
      22
      29
      36
      40
      24
      36
      30
      34
      33
      21
      28
      20
      35
      25
      29
      26
      28
      27
      30
      43
      21
      37
      37
      29
      21
      35
      32
      35
      23
      28
      36
      29
      30
      35
      35
      36
      42
      22
      27
      34
      28
      36
      26
      22
      25
      33
      24
      30
      32
      30
      36
      22
      14
      24
      40
      28
      35
      31
      29
      25
      35
      28
      36
      32
      36
      25
      28
      27
      19
      28
      26
      30
      25
      24
      20
      33
      30
      29
      31
      17
      27
      29
      22
      29
      27
      31
      22
      25
      33
      36
      32
      27
      28
      32
      34
      25
      34
      38
      29
      33
      23
      21
      36
      23
      24
      30
      32
      28
      34
      22
      35
      34
      16
      41
      25
      35
      24
      38
      34
      22
      25
      27
      22
      23
      33
      34
      38
      31
      32
      37
      38
      31
      27
      23
      31
      29
      31
      30
      31
      24
      27
      23
      30
      22
      40
      26
      29
      28
      25
      24
      34
      22
      29
      32
      33
      26
      27
      25
      35
      35
      27
      31
      31
      27
      27
      24
      39
      29
      35
      31
      25
      28
      34
      29
      42
      35
      27
      39
      27
      26
      26
      33
      28
      27
      32
      23
      24
      35
      28
      37
      30
      27
      27
      33
      30
      23
      35
      48
      29
      24
      31
      31
      30
      24
      37
      31
      23
      23
      29
      36
      33
      17
      23
      30
      32
      27
      29
      24
      27
      39
      27
      24
      29
      28
      22
      19
      22
      27
      25
      34
      27
      31
      38
      19
      22
      37
      23
      21
      23
      37
      27
      25
      17
      24
      34
      26
      32
      29
      43
      30
      34
      27
      35
      31
      37
      37
      30
      32
      31
      33
      29
      34
      28
      29
      35
      30
      29
      28
      29
      40
      24
      36
      32
      34
      30
      25
      29
      26
      15
      37
      23
      32
      26
      22
      34
      21
      29
      25
      34
      28
      36
      32
      30
      28
      35
      32
      31
      31
      23
      32
      31
      27
      24
      26
      30
      25
      23
      26
      26
      25
      24
      36
      30
      24
      31
      24
      33
      24
      28
      32
      34
      28
      34
      35
      30
      19
      25
      33
      36
      35
      23
      29
      25
      28
      29
      33
      35
      27
      28
      25
      30
      25
      29
      35
      29
      21
      20
      31
      18
      26
      27
      20
      21
      17
      30
      28
      36
      33
      25
      28
      30
      32
      24
      26
      26
      26
      29
      22
      24
      25
      18
      27
      22
      32
      21
      27
      28
      29
      25
      32
      31
      23
      23
      28
      29
      30
      29
      25
      22
      20
      26
      27
      26
      34
      31
      28
      31
      26
      17
      31
      23
      32
      19
      31
      32
      25
      34
      27
      22
      24
      43
      42
      22
      29
      25
      28
      41
      29
      34
      33
      28
      33
      33
      18
      25
      34
      30
      34
      34
      27
      30
      26
      20
      37
      43
      23
      32
      31
      20
      22
      36
      26
      36
      25
      31
      27
      30
      23
      21
      42
      25
      26
      28
      25
      26
      23
      18
      24
      25
      25
      30
      21
      43
      22
      27
      31
      28
      33
      26
      32
      35
      24
      30
      20
      31
      34
      22
      32
      35
      31
      29
      20
      25
      32
      25
      32
      23
      33
      33
      24
      25
      28
      19
      35
      23
      25
      26
      21
      23
      34
      25
      26
      28
      27
      25
      29
      28
      33
      29
      26
      26
      27
      22
      26
      22
      31
      24
      37
      25
      21
      21
      31
      32
      27
      31
      22
      25
      20
      28
      30
      27
      36
      20
      23
      26
      27
      26
      30
      20
      30
      39
      22
      36
      37
      28
      27
      21
      18
      30
      30
      26
      36
      31
      30
      24
      26
      36
      19
      20
      25
      24
      27
      29
      31
      25
      24
      23
      22
      19
      15
      31
      29
      28
      20
      28
      21
      30
      28
      24
      22
      32
      22
      28
      28
      23
      24
      20
      31
      25
      25
      32
      29
      31
      35
      29
      25
      33
      26
      22
      26
      23
      34
      24
      22
      25
      10
      38
      26
      18
      30
      27
      26
      16
      28
      33
      29
      36
      23
      22
      25
      22
      32
      21
      24
      22
      21
      22
      25
      33
      26
      33
      27
      33
      34
      26
      31
      18
      20
      20
      24
      17
      17
      34
      19
      22
      23
      25
      28
      25
      24
      19
      21
      28
      27
      27
      34
      27
      34
      31
      22
      26
      27
      21
      26
      27
      26
      28
      30
      30
      22
      24
      22
      20
      25
      26
      34
      31
      20
      21
      22
      32
      29
      18
      30
      30
      30
      22
      28
      33
      30
      31
      17
      18
      23
      23
      26
      28
      25
      31
      31
      35
      33
      26
      26
      24
      39
      35
      28
      21
      26
      28
      26
      30
      29
      31
      24
      34
      28
      33
      18
      18
      26
      26
      19
      15
      34
      26
      33
      36
      27
      22
      27
      31
      32
      19
      23
      28
      29
      30
      29
      35
      21
      19
      21
      29
      23
      19
      25
      27
      27
      29
      25
      27
      20
      21
      31
      22
      28
      32
      15
      21
      35
      17
      26
      31
      18
      21
      31
      34
      26
      22
      33
      21
      24
      16
      36
      26
      21
      24
      24
      27
      30
      17
      24
      19
      20
      36
      34
      29
      21
      26
      17
      37
      25
      32
      38
      27
      26
      20
      28
      22
      24
      21
      27
      19
      24
      30
      29
      19
      30
      34
      21
      21
      17
      32
      22
      35
      35
      25
      24
      26
      35
      20
      18
      17
      20
      31
      22
      23
      22
      20
      21
      23
      21
      25
      28
      27
      25
      23
      29
      27
      21
      24
      19
      32
      31
      29
      29
      26
      28
      30
      21
      35
      26
      23
      19
      27
      25
      24
      22
      22
      20
      35
      32
      26
      18
      32
      24
      29
      27
      32
      31
      22
      32
      24
      26
      22
      23
      12
      29
      27
      31
      20
      27
      26
      37
      23
      26
      28
      34
      25
      23
      34
      27
      24
      23
      22
      21
      35
      31
      26
      29
      24
      30
      18
      24
      30
      25
      18
      29
      25
      23
      18
      25
      31
      33
      25
      31
      14
      22
      33
      25
      26
      27
      24
      32
      25
      27
      21
      25
      24
      35
      24
      26
      18
      26
      29
      26
      28
      24
      31
      19
      24
      13
      21
      27
      29
      33
      20
      30
      26
      28
      22
      26
      27
      27
      13
      18
      21
      21
      21
      26
      25
      37
      19
      15
      27
      21
      14
      22
      24
      23
      27
      34
      23
      19
      29
      22
      26
      14
      19
      20
      29
      20
      21
      27
      21
      29
      30
      28
      19
      33
      23
      24
      21
      24
      26
      28
      28
      20
      22
      18
      27
      22
      23
      25
      19
      15
      23
      22
      20
      20
      25
      30
      27
      28
      24
      19
      20
      36
      29
      20
      22
      23
      24
      19
      23
      29
      28
      30
      39
      19
      45
      27
      36
      25
      24
      30
      26
      25
      29
      30
      25
      24
      17
      25
      22
      20
      23
      26
      30
      21
      30
      27
      28
      25
      28
      30
      25
      24
      24
      17
      17
      30
      26
      17
      30
      22
      21
      23
      14
      30
      20
      23
      22
      32
      33
      19
      24
      25
      30
      17
      20
      16
      17
      24
      26
      23
      35
      27
      21
      22
      22
      25
      29
      28
      26
      20
      24
      29
      19
      21
      23
      20
      27
      27
      24
      19
      25
      28
      30
      23
      26
      28
      23
      24
      27
      17
      21
      32
      21
      20
      20
      20
      26
      21
      25
      22
      15
      25
      27
      28
      34
      18
      34
      26
      30
      21
      23
      22
      24
      24
      32
      22
      34
      26
      25
      22
      21
      25
      29
      25
      28
      20
      25
      31
      17
      20
      24
      28
      23
      28
      17
      29
      25
      25
      20
      19
      31
      16
      29
      18
      25
      22
      27
      39
      23
      18
      30
      20
      25
      28
      22
      18
      26
      23
      24
      23
      26
      25
      24
      31
      28
      26
      24
      21
      20
      21
      20
      25
      21
      23
      25
      22
      20
      26
      29
      22
      19
      20
      17
      27
      20
      14
      30
      22
      22
      22
      29
      23
      25
      20
      26
      30
      21
      26
      15
      28
      24
      20
      33
      28
      13
      22
      21
      32
      19
      26
      18
      17
      22
      28
      18
      31
      26
      36
      27
      25
      24
      28
      20
      24
      18
      28
      27
      13
      29
      18
      24
      22
      24
      27
      17
      29
      22
      33
      25
      19
      23
      18
      18
      22
      16
      23
      24
      24
      30
      25
      22
      18
      19
      31
      22
      28
      28
      26
      19
      26
      25
      15
      29
      27
      25
      23
      20
      20
      19
      22
      21
      31
      20
      28
      25
      21
      21
      26
      29
      21
      27
      26
      24
      23
      22
      17
      23
      29
      22
      19
      22
      30
      25
      22
      25
      22
      25
      25
      25
      17
      22
      23
      18
      34
      17
      20
      18
      18
      26
      16
      16
      30
      18
      29
      27
      29
      27
      25
      23
      28
      21
      20
      30
      30
      29
      21
      21
      30
      21
      30
      15
      24
      21
      26
      20
      23
      22
      28
      25
      27
      30
      16
      19
      27
      18
      21
      24
      23
      29
      28
      24
      22
      27
      29
      24
      26
      24
      33
      25
      22
      25
      30
      28
      13
      29
      15
      21
      24
      19
      17
      28
      27
      30
      26
      29
      21
      24
      13
      19
      19
      24
      19
      18
      32
      31
      18
      22
      25
      21
      20
      29
      20
      15
      19
      33
      24
      18
      27
      17
      23
      23
      18
      37
      15
      20
      29
      22
      27
      16
      20
      27
      25
      20
      24
      23
      30
      24
      24
      24
      14
      27
      13
      27
      21
      21
      31
      23
      22
      20
      23
      21
      25
      26
      34
      30
      24
      20
      20
      27
      16
      20
      18
      29
      28
      21
      27
      26
      31
      26
      17
      23
      17
      25
      18
      21
      27
      23
      12
      24
      21
      18
      10
      19
      18
      20
      20
      26
      23
      23
      21
      19
      18
      23
      31
      19
      17
      24
      18
      23
      27
      22
      22
      24
      16
      18
      31
      19
      22
      14
      28
      24
      31
      26
      23
      20
      30
      21
      19
      24
      25
      19
      23
      28
      33
      17
      23
      25
      18
      22
      18
      23
      22
      31
      29
      23
      25
      20
      21
      21
      27
      20
      18
      15
      22
      21
      21
      20
      20
      20
      23
      15
      15
      26
      27
      21
      23
      31
      22
      20
      26
      23
      27
      24
      19
      29
      25
      21
      18
      29
      32
      25
      17
      26
      24
      28
      18
      29
      21
      24
      23
      19
      24
      31
      28
      23
      25
      17
      28
      17
      25
      24
      29
      35
      21
      22
      22
      19
      19
      16
      27
      26
      28
      25
      23
      29
      23
      16
      36
      14
      24
      20
      29
      24
      21
      24
      21
      30
      21
      25
      27
      27
      31
      19
      25
      25
      24
      19
      20
      19
      19
      16
      28
      23
      24
      26
      22
      22
      26
      24
      26
      23
      16
      23
      29
      27
      12
      23
      22
      19
      33
      32
       8
      18
      19
      24
      23
      28
      28
      29
      24
      18
      25
      15
      24
      25
      30
      21
      31
      25
      17
      20
      18
      28
      28
      20
      20
      24
      41
      27
      20
      19
      20
      15
      19
      20
      22
      22
      22
      22
      17
      21
      19
      26
      21
      30
      21
      22
      22
      14
      28
      21
      20
      22
      22
      28
      21
      26
      17
      25
      25
      23
      22
      13
      32
      17
      18
      20
      21
      16
      18
      24
      23
      31
      13
      17
      13
      26
      28
      18
      15
      21
      23
      19
      25
      20
      18
      22
      25
      19
      19
      17
      18
      27
      23
      20
      26
      18
      19
      29
      20
      25
      27
      15
      26
      21
      19
      20
      20
      23
      17
      23
      25
      20
      24
      21
      17
      20
      16
      18
      29
      26
      21
      15
      24
      19
      19
      19
      33
      25
      22
      22
      18
      22
      22
      25
      15
      18
      25
      16
      21
      27
      18
      20
      20
      16
      23
      24
      17
      23
      25
      14
      12
      26
      25
      33
      21
      30
      21
      22
      25
      21
      26
      27
      20
      15
      25
      21
      26
      31
      24
      18
      20
      21
      19
      18
      23
      23
      24
      24
      18
      24
      28
      24
      26
      36
      20
      21
      21
      22
      24
      19
      21
      19
      23
      14
      25
      21
      23
      32
      26
      21
      22
      22
      32
      21
      26
      11
      26
      18
      24
      27
      25
      15
      20
      17
      19
      19
      19
      25
      28
      22
      23
      25
      19
      24
      17
      32
      22
      11
      23
      25
      24
      18
      16
      21
      21
      23
      18
      28
      28
      19
      31
      20
      18
      22
      24
      19
      22
      18
      19
      15
      21
      26
      20
      21
      26
      19
      17
      22
      19
      17
      27
      13
      19
      23
      25
      15
      16
      20
      18
      18
      20
      14
      19
      27
      22
      30
      15
      17
      24
      15
      19
      18
      28
      21
      25
      11
      22
      22
      17
      19
      18
      24
      26
      22
      23
      22
      23
      17
      20
      24
      15
      23
      24
      22
      23
      33
      11
      19
      37
      24
      27
      23
      26
      15
      15
      18
      14
      19
      21
      18
      30
      22
      18
      19
      24
      22
      21
      27
      20
      20
      14
      21
      22
      17
      26
      21
      23
      16
      25
      16
      16
      16
      20
      22
      25
      18
      24
      23
      23
      17
      16
      26
      22
      20
      22
      18
      27
      19
      19
      21
      31
      27
      19
      20
      32
      23
      24
      27
      19
      21
      21
      18
      25
      22
      14
      23
      25
      21
      27
      17
      23
      19
      23
      28
      21
      18
      20
      35
      20
      20
      14
      29
      19
      15
      20
      15
      17
      24
      26
      27
      17
      23
      18
      17
      13
      13
      22
      16
      19
      20
      23
      25
      26
      22
      16
      11
      14
      18
      28
      20
      15
      20
      28
      16
      23
      20
      26
      19
      25
      27
      18
      22
      20
      21
      30
      17
      21
      20
      32
      22
      21
      18
      14
      18
      16
      18
      25
      28
      18
      13
      23
      17
      18
       7
      20
      19
      10
      35
      25
      23
      29
      24
      29
      16
      28
      23
      21
      13
      32
      31
      27
      23
      29
      17
      19
      20
      20
      14
      33
      30
      22
      19
      24
      16
      27
      30
      18
      19
      26
      26
      26
      10
      20
      23
      23
      22
      24
      30
      20
      19
      30
      24
      23
      25
      21
      29
      22
      21
      19
      18
      21
      21
      28
      21
      19
      12
      18
      15
      24
      27
      25
      19
      15
      28
      10
      22
      19
      15
      25
      24
      17
      21
      19
      20
      22
      21
      25
      16
      19
      18
      16
      24
      24
      17
      22
      29
      21
      24
      16
      18
      20
      21
      17
      25
      18
      18
      13
      22
      20
      26
      19
      23
      22
      17
      21
      17
      17
      21
      21
      22
      16
      23
      30
      14
      28
      24
      19
      22
      16
      17
      23
      18
      19
      22
      14
      21
      24
      25
      24
      18
      18
      24
      14
      18
      27
      28
      20
      14
      22
      20
      26
      16
      21
      18
      21
      18
      18
      19
      21
      28
      17
      20
      19
      15
      27
      24
      23
      19
      25
      17
      30
      14
      23
      15
      24
      18
      25
      16
      21
      20
      25
      18
      16
      22
      20
      16
      26
      26
      25
      28
      24
      17
      16
      25
      12
      23
      35
      17
      16
      16
      30
      25
      18
      24
      20
      20
      16
      26
      17
      26
      25
      21
      17
      22
      16
      20
      11
      22
      15
      23
      23
      22
      19
      18
      18
      14
      19
      18
      23
      23
      21
      22
      23
      23
      19
      22
      18
      20
      26
      18
      17
      25
      26
      18
      26
      18
      23
      21
      18
      19
      18
      20
      25
      23
      20
      19
      23
      18
      19
      23
      12
      14
      20
      21
      18
      23
      16
      21
      22
      17
      33
      19
      16
      24
      20
      14
      18
      23
      14
      13
      18
      21
      21
      24
      17
      17
      20
      17
      19
      21
      25
      28
      22
      14
      18
      22
      23
      15
      21
      20
      19
      22
      32
      19
      17
      27
      21
      15
      18
      21
      20
      18
      25
      10
      20
      20
      15
      17
      26
      18
      15
      15
      18
      22
      24
      27
      19
      21
      15
      22
      23
      19
      13
      24
      24
      20
      19
      17
      26
      23
      23
      12
      17
      24
      18
      23
      23
      31
      20
      21
      20
      23
      19
      15
      24
      23
      19
      18
      20
      13
      17
      21
      25
      20
      21
      20
      18
      20
      20
      21
      19
      16
      21
      13
      21
      34
      20
      26
      20
      21
      18
      20
      23
      30
      20
      17
      26
      22
      16
      26
      19
      12
      22
      29
      20
      14
      27
      27
      17
      26
      21
      23
      24
      13
      18
      14
      25
      21
      19
      31
      26
      29
      20
      19
      24
      17
      23
      24
      25
      21
      19
      24
      17
      26
      21
      19
      24
      19
      21
      20
      16
      27
      17
      32
      18
      20
      23
      18
      18
      19
      26
      25
      23
      18
      22
      19
      17
      19
      18
      27
      21
      19
      19
      11
      23
      23
      28
      20
      23
      17
      22
      17
      27
      23
      20
      11
      17
      11
      29
      21
      18
      24
      18
      21
      27
      24
      19
      14
      19
      25
      21
      26
      20
      20
      18
      22
      26
      23
      17
      10
      23
      26
      27
      19
      19
      22
      16
      17
      20
      25
      26
      14
      21
      22
      18
      22
      17
      21
      25
      24
      20
      24
      18
      18
      16
      12
      25
      18
      16
      20
      25
      23
      19
      24
      23
      28
      23
      15
      25
      19
      20
      17
      23
      17
      26
      24
      17
      25
      18
      22
      21
      17
      21
      18
      29
      15
      14
      18
      11
      20
      23
      15
      16
      20
      20
      20
      20
      19
      16
      21
      18
      22
      14
      13
      20
      16
      14
      17
      13
      13
      16
      26
      21
      23
      24
      11
      16
      22
      15
      21
      22
      23
      18
      22
      19
      22
      25
      15
      12
      27
      15
      12
      19
      15
      14
      25
      18
      21
      21
      22
      23
      27
      21
      17
      19
      19
      18
      18
      27
      19
      22
      20
      17
      22
      18
      17
      16
      10
      26
      16
      24
      28
      19
      19
      18
      18
      18
      20
      17
      14
      19
      16
      17
      13
      14
      36
      21
      15
      17
      21
      19
      19
      19
      19
      18
      24
      20
      12
      21
      24
      18
      18
      23
      13
      17
      27
      21
      18
      19
      23
      14
      29
      19
      19
      15
      15
      17
      29
      17
      22
      23
      23
      29
      20
      20
      25
      18
      17
      21
      12
      25
      29
      27
      23
      25
      20
      28
      15
      28
      26
      26
      25
      17
      17
      27
      19
      25
      24
      18
      18
      18
      24
      20
      17
      18
      20
      26
      16
      23
      20
      19
      16
      28
      16
      25
      23
      22
      16
      18
      22
      21
      24
      28
      26
      19
      16
      19
      23
      20
      26
      18
      19
      24
      32
      13
      16
      12
      21
      17
      23
      14
      14
      11
      23
      21
      26
      25
      20
      27
      17
      17
      32
      22
      14
      23
      12
      18
      14
      28
      25
      26
      21
      18
      21
      16
      20
      14
      16
      19
      29
      29
      22
      23
      22
      28
      31
      27
      20
      21
      23
      15
      19
      17
      18
      22
      21
      22
      15
      23
      20
      17
      19
      17
      20
      14
      21
      20
      19
      15
      13
      14
      18
      24
      25
      17
      26
      21
      20
      24
      17
      15
      15
      24
      24
      30
      14
      21
      22
      23
      19
      26
      13
      16
      18
      16
      18
      26
      19
      14
      25
      22
      21
      21
      15
      16
      18
      17
      20
      21
      19
      16
      18
      11
      15
      23
      23
      17
      21
      25
      19
      18
      15
      14
      19
      17
      24
      21
      20
      18
      13
      17
      13
      13
      21
      16
      13
      20
      23
      20
      17
      27
      13
      14
      16
      23
      24
      20
      23
      18
      22
      21
      24
      12
      26
      24
      16
      11
      17
      24
      17
      20
      17
      25
      15
      24
      21
      15
      16
      21
      14
      22
      19
      15
      22
      20
      20
      21
      16
      19
      25
      22
      19
      18
      16
      18
      10
      16
      16
      17
      15
      17
      21
      16
      19
      16
      11
      18
      24
      15
      20
      21
      19
      21
      18
      14
      23
      22
      20
      16
      28
      15
      20
      16
      18
      20
      22
      21
      25
      15
      19
      19
      17
      24
      21
      17
      18
      21
      27
      15
      28
      15
      24
      17
      18
      14
      21
      22
      24
      23
      25
      13
      23
      14
      11
      14
      17
      25
      15
      12
      23
      19
      34
      16
       9
      16
      18
      20
      17
      16
      21
      12
      18
      21
      25
      19
      15
      13
      15
      20
      14
      18
      25
      22
      23
      19
      18
      24
      14
      18
      27
      17
      19
      24
      14
      20
      22
      12
      20
      11
      14
      14
      26
      27
      18
      19
      21
      19
      17
      23
      15
      13
      17
      21
      18
      15
      21
      23
      16
      18
      22
      16
      26
      12
      11
      25
      16
      22
      19
      18
      11
      18
      23
      19
      28
      17
      16
      15
      20
      19
      17
      20
      18
      13
      19
      15
      25
      15
      23
      19
      16
      16
      19
      23
      10
      15
      17
      21
      18
      16
      21
      18
      13
      16
      23
      31
      13
      18
      17
      20
      18
      14
      14
      19
      25
      22
      20
      15
      15
      20
      10
      25
      23
      19
      24
      19
      18
      15
      18
      18
      26
      17
      17
      13
      18
      18
      20
      25
      20
      18
      26
      16
      24
      17
      26
      13
      16
      16
      20
      26
      18
      20
      19
      14
      18
      10
      16
      19
      19
      22
      24
      20
      13
      17
      12
      20
      18
      14
      20
      14
      21
      18
      17
      16
      17
      11
      21
      23
      23
      20
      21
      22
      23
      15
      21
      22
      19
      13
      21
      25
      20
      16
      17
      18
      17
      22
      20
      14
      25
      21
      17
      22
      18
      18
      19
      16
      17
      21
      23
      20
      16
      21
      23
      23
      15
      15
      19
      23
      31
      19
      25
      16
      20
      23
      19
      20
      15
      14
      17
      19
      19
      18
      15
      16
      18
      22
      15
      16
      10
      20
      12
      28
      31
      17
      20
      15
      25
      21
      22
      18
      15
      26
      17
      19
      16
      21
      22
      25
      16
      21
      15
      17
      22
      22
      22
      12
      17
      17
      16
      11
      18
      14
      17
      22
      22
      15
      20
      15
      24
      20
      13
      16
      22
      18
      23
      21
      16
      19
      13
      14
      16
      13
      15
      19
      26
      15
      17
      18
      16
      22
      25
      20
      16
      12
      19
      24
      22
      24
      14
      25
      19
      26
      30
      21
      21
      24
      20
      19
      16
      25
      22
      15
      20
      15
      27
      20
      21
      25
      24
      22
      14
      15
      17
      21
      15
      16
      23
      17
      23
      19
      25
      21
      21
      24
      20
      19
      16
      22
      20
      18
      19
      18
      20
      24
      14
      17
      22
      17
      13
      21
      18
      22
      21
      26
      21
      23
      19
      19
      19
      13
      25
      28
      22
      15
      25
      21
      18
      18
      20
      19
      12
      17
      12
      17
      18
      24
      29
      18
      14
      15
      22
      18
      21
      20
      17
      13
      17
      26
      15
      21
      22
      20
      19
      12
      23
      18
      20
      20
      19
      17
      19
      18
      34
      22
      18
      26
      14
      22
      15
      16
      19
      19
      15
      26
      17
      20
      26
      13
      28
      20
      22
      15
      16
      17
      24
      17
      13
      22
      11
      23
      15
      16
      27
      17
      19
      20
      16
      22
      17
      16
      23
      16
      15
      16
      12
      22
      19
      15
      18
      13
      15
      17
      15
      17
      27
      25
      15
      18
      14
      17
      16
      18
      18
      26
      16
      22
      30
      15
      15
      20
      14
      21
      11
      16
      18
      15
      19
      18
      24
      20
      18
      23
      25
      18
      18
      14
      22
      15
      13
      22
      23
      19
      14
      19
      24
      24
      24
      14
      22
      20
      18
      19
      11
      21
      13
      29
      18
      21
      13
      18
      14
      19
      23
      10
      23
      14
      22
      22
      17
      20
      20
      13
      16
      20
      22
      19
      17
      17
      19
      11
      17
      14
      22
      14
      16
      16
      12
      20
      12
      24
      12
      25
      20
      18
      16
      24
      19
      16
      24
      17
      11
      19
      15
      14
      22
      13
      16
      18
      19
       9
      12
      21
      15
      19
      13
      17
      15
      19
      22
      22
      20
      16
      14
      22
      14
      21
      13
      25
      26
      19
      15
      15
      17
      18
      22
      10
      20
      20
      26
      14
      19
      24
      27
      16
      21
      22
      19
      17
      26
      12
      10
      15
      20
      13
      16
      17
       9
      14
      18
      16
      14
      15
      18
      10
      15
      12
      16
      14
      24
      29
      14
      16
      12
      23
      23
      22
      22
      23
      28
      18
      19
      18
      18
      22
      19
      17
      17
      20
      11
      22
       9
      15
      15
      18
      16
      24
      16
      14
      20
      10
      31
      14
      16
      22
      21
      13
      24
      14
      19
      21
      19
      21
      16
      12
      21
      25
      17
      14
      18
      19
      14
      24
      17
      17
      21
      12
      16
      25
      20
      18
      11
      18
      15
      17
      16
      15
      20
      12
      19
      18
      14
      22
      17
      20
      22
      17
      16
      13
      23
      21
      22
      19
      16
      25
      14
      14
      22
      31
      16
      13
      11
      11
      21
      20
      18
      17
      26
      19
      23
      17
      24
      18
      18
      17
      13
      12
      15
      17
      14
      12
      16
      14
      13
      21
      15
      14
      18
      13
      15
      17
      24
      15
      22
      19
      16
      18
      19
      12
      27
      18
      26
      12
      19
      16
      17
      22
      19
      18
      25
      21
      17
      16
      19
      13
      14
      11
      23
      27
      21
      20
      19
      22
      22
      28
      12
      17
      21
      21
      14
      17
      25
      14
      22
      14
      17
      15
      20
      22
      20
      17
      22
      17
      17
      24
      13
      21
      19
      25
      20
      15
      18
      13
      24
      23
      19
      12
      26
      14
      13
      21
      17
      15
      29
      31
      15
      18
      16
      15
      23
      25
      16
      22
      16
      15
      18
      17
      13
      24
      20
      24
      13
      18
      17
      22
       7
      23
      22
      18
      19
      24
      13
      12
      12
      30
      19
      18
      22
      17
      14
      18
       9
      29
      21
      20
      12
      22
      15
      13
      14
      19
      14
      19
      19
      16
      18
      10
      23
      15
      17
      13
      27
      21
      22
      11
      15
      15
      11
      12
      15
      24
      20
      16
      22
       7
      20
      30
      21
      17
      11
      15
      24
      18
      13
      18
      22
      16
      17
      10
      16
      13
      19
      16
      13
      14
      16
      24
      17
      15
      25
      24
      15
      18
      18
      13
      14
      16
      15
      16
      19
      23
      26
      20
      15
      26
      16
      14
      19
      21
      19
      24
      17
      15
      15
      16
      23
      13
      25
      21
      18
      20
      23
      17
      14
      19
      13
      14
      12
      15
      16
      13
      17
      15
      22
      18
      12
      21
      19
      17
      18
      20
      16
      11
      19
      14
      18
      15
      14
      17
      14
      19
       6
      20
      12
      18
      23
      25
      16
      20
      17
      18
      18
      18
      15
      18
      20
      14
      20
      20
      26
      14
      17
      13
      16
      24
      16
      15
      15
      25
      20
      15
      28
      23
      16
      13
      12
      16
      25
      17
      20
      20
      19
      20
      16
      13
      13
      15
      30
      19
      27
      17
      19
       7
      10
      20
      16
      25
      14
      23
      21
      24
      14
      25
      27
      14
      11
      17
      25
      17
      21
      17
      21
      12
      24
      16
      19
      21
      23
      19
      16
      12
      18
      15
      19
      12
      18
      21
       8
      18
       9
      17
      18
      16
      28
      20
      13
      24
      16
      19
      27
      18
      21
      22
      11
      19
      12
      11
      11
      10
      13
      18
      20
      12
      19
      26
      17
      19
      17
      14
      17
      20
      18
      15
      22
      15
      17
      13
      10
      21
      14
      14
      20
      13
      24
      12
      20
      13
      22
      19
      18
      16
      10
      17
      13
      17
      29
      14
      16
      17
      20
      17
      16
       8
       0
       0
       0
       0
       0
       0
       0
       0
       0
       0
       0
       0
       0
       0
       0
       0
       0
       0
       0
       0
       0
       0
       0
       0
       0
       0
       0
       0
       0
       0
       0
       0
       0
       0
       0
       0
       0
       0
       0
       0
       0
       0
       0
       0
       0
       0
       0
       0
       0
       0
       0
       0
       0
       0
       0
       0
       0
       0
       0
       0
       0
       0
       0
       0
       0
       0
       0
       0
       0
       0
       0
       0
       0
       0
       0
       0
       0
       0
       0
       0
       0
       0
       0
       0
       0
       0
       0
       0
       0
       0
       0
       0
       0
       0
       0
       0
       0
       0
       0
       0
       0
       0
       0
       0
       0
       0
       0
       0
       0
       0
       0
       0
       0
       0
       0
       0
       0
       0
       0
       0
       0
       0
       0
       0
       0
       0
       0
       0
       0
       0
       0
       0
       0
       0
       0
       0
       0
       0
       0
       0
       0
       0
       0
       0
       0
       0
       0
       0
       0
       0
       0
       0
       0
       0
       0
       0
       0
       0
       0
       0
       0
       0
       0
       0
       0
       0
       0
       0
       0
       0
       0
       0
       0
       0
       0
       0
       0
       0
       0
       0
       0
       0
       0
       0
       0
       0
       0
       0
       0
       0
       0
       0